304 559 35 396
304 559
304 559
303 558
302 557
301 556
300 555
299 554
298 553
297 552
296 551
295 550
294 549
293 548
292 547
291 546
290 545
289 544
288 543
287 542
286 541
285 540
284 539
283 538
282 537
281 536
280 535
279 534
278 533
277 532
276 531
275 530
274 529
273 528
272 527
271 526
270 525
269 524
268 523
267 522
266 521
265 520
264 519
263 518
262 517
261 516
260 515
259 514
258 513
257 512
256 511
255 510
254 509
253 508
252 507
251 506
250 505
249 504
248 503
247 502
246 501
245 500
244 499
243 498
242 497
241 496
240 495
239 494
238 493
237 492
236 491
235 490
234 489
233 488
232 487
231 486
230 485
229 484
228 483
227 482
226 481
225 480
224 479
223 478
222 477
221 476
220 475
219 474
218 473
217 472
216 471
215 470
214 469
213 468
212 467
211 466
210 465
209 464
208 463
207 462
207 461
206 460
206 459
205 458
204 457
204 456
203 455
203 454
202 453
202 452
201 451
201 450
200 449
200 448
199 447
199 446
198 445
197 444
196 443
196 442
195 441
194 440
193 439
193 438
192 437
191 436
191 435
190 434
189 433
189 432
188 431
187 430
187 429
186 428
186 427
185 426
185 425
184 424
183 423
183 422
182 421
181 420
181 419
180 418
179 417
179 416
178 415
178 414
177 413
177 412
176 411
176 410
175 409
175 408
174 407
174 406
173 405
173 404
172 403
172 402
171 401
170 400
170 399
169 398
169 397
168 396
168 395
167 394
167 393
166 392
166 391
165 390
165 389
164 388
164 387
163 386
163 385
162 384
161 383
160 382
159 381
158 380
157 379
156 378
155 377
154 376
153 375
152 374
151 373
150 372
150 371
149 370
149 369
148 368
148 367
147 366
147 365
146 364
146 363
146 362
145 361
145 360
145 359
144 358
144 357
144 356
143 355
143 354
143 353
143 352
143 351
142 350
142 349
142 348
142 347
142 346
141 345
141 344
141 343
141 342
141 341
141 340
141 339
140 338
140 337
140 336
140 335
140 334
140 333
139 332
139 331
139 330
139 329
139 328
138 327
138 326
138 325
138 324
137 323
137 322
137 321
137 320
136 319
136 318
136 317
135 316
135 315
135 314
134 313
134 312
133 311
133 310
132 309
132 308
131 307
131 306
130 305
129 304
129 303
128 302
127 301
127 300
126 299
125 298
125 297
124 296
124 295
123 294
123 293
122 292
121 291
121 290
120 289
120 288
119 287
119 286
118 285
118 284
117 283
117 282
116 281
116 280
116 279
115 278
115 277
114 276
114 275
113 274
113 273
112 272
112 271
111 270
111 269
111 268
110 267
110 266
109 265
109 264
109 263
108 262
108 261
107 260
107 259
106 258
106 257
106 256
105 255
105 254
104 253
104 252
104 251
103 250
103 249
103 248
102 247
102 246
102 245
101 244
101 243
101 242
100 241
100 240
100 239
99 238
99 237
99 236
99 235
98 234
98 233
98 232
98 231
98 230
97 229
97 228
97 227
97 226
96 225
96 224
96 223
96 222
96 221
95 220
95 219
95 218
95 217
95 216
95 215
94 214
94 213
94 212
94 211
94 210
94 209
94 208
93 207
93 206
93 205
93 204
93 203
93 202
93 201
93 200
93 199
93 198
93 197
93 196
93 195
93 194
93 193
93 192
93 191
93 190
93 189
93 188
93 187
93 186
93 185
93 184
93 183
93 182
93 181
93 180
93 179
93 178
93 177
93 176
94 175
94 174
94 173
94 172
94 171
94 170
94 169
94 168
94 167
94 166
94 165
94 164
94 163
94 162
95 161
95 160
95 159
95 158
95 157
95 156
95 155
95 154
95 153
95 152
95 151
96 150
96 149
96 148
96 147
96 146
96 145
96 144
96 143
97 142
97 141
97 140
97 139
97 138
97 137
97 136
97 135
97 134
98 133
98 132
98 131
98 130
98 129
98 128
98 127
98 126
98 125
99 124
99 123
99 122
99 121
99 120
99 119
99 118
99 117
100 116
100 115
100 114
100 113
100 112
100 111
101 110
101 109
101 108
101 107
101 106
101 105
101 104
102 103
102 102
102 101
102 100
102 99
102 98
102 97
102 96
102 95
103 94
103 93
103 92
103 91
103 90
103 89
103 88
104 87
104 86
104 85
104 84
104 83
104 82
104 81
104 80
105 79
105 78
105 77
105 76
105 75
105 74
105 73
105 72
105 71
105 70
105 69
104 68
103 68
102 68
101 68
100 68
99 69
98 70
97 71
96 72
95 73
94 74
93 75
92 76
91 77
90 78
89 79
88 80
87 81
86 82
85 83
84 84
83 85
82 86
81 87
80 88
79 89
78 90
77 91
76 92
75 93
74 94
73 95
72 96
71 97
70 98
69 99
68 100
67 101
66 102
65 103
64 104
63 105
62 106
61 107
60 108
59 109
58 110
57 111
56 112
55 113
54 114
53 115
52 116
51 117
50 118
49 119
48 120
47 121
46 122
45 123
44 124
43 125
42 126
41 127
40 128
39 129
38 130
37 131
36 132
35 133
35 134
35 135
35 136
35 137
35 138
35 139
35 140
35 141
35 142
35 143
35 144
35 145
35 146
35 147
35 148
35 149
35 150
35 151
35 152
35 153
35 154
35 155
35 156
35 157
35 158
35 159
35 160
35 161
35 162
35 163
35 164
35 165
35 166
35 167
35 168
35 169
35 170
35 171
35 172
35 173
35 174
35 175
35 176
35 177
35 178
35 179
35 180
35 181
35 182
35 183
35 184
35 185
35 186
35 187
35 188
35 189
35 190
35 191
35 192
35 193
35 194
35 195
35 196
35 197
35 198
35 199
35 200
35 201
35 202
35 203
35 204
35 205
35 206
35 207
35 208
35 209
35 210
35 211
35 212
35 213
35 214
35 215
35 216
35 217
35 218
35 219
35 220
35 221
35 222
35 223
35 224
35 225
35 226
35 227
35 228
35 229
35 230
35 231
35 232
35 233
35 234
35 235
35 236
35 237
35 238
35 239
35 240
35 241
35 242
35 243
35 244
35 245
35 246
35 247
35 248
35 249
35 250
35 251
35 252
35 253
35 254
35 255
35 256
35 257
35 258
35 259
35 260
35 261
35 262
35 263
35 264
35 265
35 266
35 267
35 268
35 269
35 270
35 271
35 272
35 273
35 274
35 275
35 276
35 277
35 278
35 279
35 280
35 281
35 282
35 283
35 284
35 285
35 286
35 287
35 288
35 289
35 290
35 291
35 292
35 293
35 294
35 295
35 296
35 297
35 298
35 299
35 300
35 301
35 302
35 303
35 304
35 305
35 306
35 307
35 308
35 309
35 310
35 311
35 312
35 313
35 314
35 315
35 316
35 317
35 318
35 319
35 320
35 321
35 322
35 323
35 324
35 325
35 326
35 327
35 328
35 329
35 330
35 331
35 332
35 333
35 334
35 335
35 336
35 337
35 338
35 339
35 340
35 341
35 342
35 343
35 344
35 345
35 346
35 347
35 348
35 349
35 350
35 351
35 352
35 353
35 354
35 355
35 356
35 357
35 358
35 359
35 360
35 361
35 362
35 363
35 364
35 365
35 366
35 367
35 368
35 369
35 370
35 371
35 372
35 373
35 374
35 375
35 376
35 377
35 378
35 379
35 380
35 381
35 382
35 383
35 384
35 385
35 386
35 387
35 388
35 389
35 390
35 391
35 392
35 393
35 394
35 395
35 396
