304 353 33 513
304 353
304 353
303 352
302 351
301 350
300 349
299 348
298 347
297 346
296 345
295 344
294 343
293 342
292 341
291 340
290 339
289 338
288 337
287 336
286 335
285 334
284 333
283 332
282 331
281 330
280 329
279 328
278 327
277 326
276 325
275 324
274 323
273 322
272 321
271 320
270 319
269 318
268 317
267 316
266 315
265 314
264 313
263 312
262 311
261 310
260 309
259 308
258 307
257 306
256 305
255 304
254 303
253 302
252 301
251 300
250 299
249 298
248 297
247 296
246 295
245 294
244 293
243 292
242 291
241 290
240 289
239 288
238 287
237 286
236 285
235 284
234 283
233 282
232 281
231 280
230 279
229 278
228 277
227 276
226 275
225 274
224 273
223 272
222 271
221 270
220 269
219 268
218 267
217 266
216 265
215 264
214 263
213 262
212 261
211 260
210 259
209 258
208 257
207 256
206 255
205 254
204 253
203 252
202 251
201 250
200 249
199 248
198 247
197 246
196 245
195 244
194 243
193 242
192 241
191 240
190 239
189 238
188 237
187 236
186 235
185 234
184 233
183 232
182 231
181 230
180 229
179 228
178 227
177 226
176 225
175 224
174 223
173 222
172 221
171 220
170 219
169 218
168 217
167 216
166 215
165 214
164 213
163 212
162 211
161 210
160 209
159 208
158 207
157 206
156 205
155 204
154 203
153 202
152 201
151 200
150 199
149 198
148 197
147 196
146 195
145 194
144 193
143 192
142 191
141 190
141 189
141 188
141 187
140 186
140 185
140 184
140 183
139 182
139 181
139 180
139 179
138 178
138 177
137 176
137 175
137 174
136 173
136 172
135 171
135 170
134 169
133 168
133 167
132 166
132 165
131 164
131 163
131 162
131 161
131 160
131 159
131 158
131 157
131 156
131 155
131 154
131 153
131 152
131 151
131 150
131 149
130 148
130 147
130 146
130 145
130 144
130 143
129 142
129 141
129 140
129 139
129 138
129 137
128 136
127 135
126 134
125 133
124 132
123 131
122 130
121 129
120 128
119 127
118 126
117 125
116 124
115 123
114 122
113 121
112 120
111 119
110 118
109 117
108 116
107 115
106 114
105 113
104 112
103 111
102 110
101 109
101 108
101 107
101 106
101 105
101 104
102 103
102 102
102 101
102 100
102 99
102 98
102 97
102 96
102 95
103 94
103 93
103 92
103 91
103 90
103 89
103 88
104 87
104 86
104 85
104 84
104 83
104 82
104 81
104 80
105 79
105 78
105 77
105 76
105 75
105 74
105 73
105 72
105 71
105 70
105 69
104 68
103 68
102 68
101 68
100 68
99 69
98 70
97 71
96 72
95 73
94 74
93 75
92 76
91 77
90 78
89 79
88 80
87 81
86 82
85 83
84 84
83 85
82 86
81 87
80 88
79 89
78 90
77 91
76 92
75 93
74 94
73 95
72 96
71 97
70 98
69 99
68 100
67 101
66 102
65 103
64 104
63 105
62 106
61 107
60 108
59 109
58 110
57 111
56 112
55 113
54 114
53 115
52 116
51 117
50 118
49 119
48 120
47 121
46 122
45 123
44 124
43 125
42 126
41 127
40 128
39 129
38 130
37 131
36 132
35 133
34 134
33 135
33 136
33 137
33 138
33 139
33 140
33 141
33 142
33 143
33 144
33 145
33 146
33 147
33 148
33 149
33 150
33 151
33 152
33 153
33 154
33 155
33 156
33 157
33 158
33 159
33 160
33 161
33 162
33 163
33 164
33 165
33 166
33 167
33 168
33 169
33 170
33 171
33 172
33 173
33 174
33 175
33 176
33 177
33 178
33 179
33 180
33 181
33 182
33 183
33 184
33 185
33 186
33 187
33 188
33 189
33 190
33 191
33 192
33 193
33 194
33 195
33 196
33 197
33 198
33 199
33 200
33 201
33 202
33 203
33 204
33 205
33 206
33 207
33 208
33 209
33 210
33 211
33 212
33 213
33 214
33 215
33 216
33 217
33 218
33 219
33 220
33 221
33 222
33 223
33 224
33 225
33 226
33 227
33 228
33 229
33 230
33 231
33 232
33 233
33 234
33 235
33 236
33 237
33 238
33 239
33 240
33 241
33 242
33 243
33 244
33 245
33 246
33 247
33 248
33 249
33 250
33 251
33 252
33 253
33 254
33 255
33 256
33 257
33 258
33 259
33 260
33 261
33 262
33 263
33 264
33 265
33 266
33 267
33 268
33 269
33 270
33 271
33 272
33 273
33 274
33 275
33 276
33 277
33 278
33 279
33 280
33 281
33 282
33 283
33 284
33 285
33 286
33 287
33 288
33 289
33 290
33 291
33 292
33 293
33 294
33 295
33 296
33 297
33 298
33 299
33 300
33 301
33 302
33 303
33 304
33 305
33 306
33 307
33 308
33 309
33 310
33 311
33 312
33 313
33 314
33 315
33 316
33 317
33 318
33 319
33 320
33 321
33 322
33 323
33 324
33 325
33 326
33 327
33 328
33 329
33 330
33 331
33 332
33 333
33 334
33 335
33 336
33 337
33 338
33 339
33 340
33 341
33 342
33 343
33 344
33 345
33 346
33 347
33 348
33 349
33 350
33 351
33 352
33 353
33 354
33 355
33 356
33 357
33 358
33 359
33 360
33 361
33 362
33 363
33 364
33 365
33 366
33 367
33 368
33 369
33 370
33 371
33 372
33 373
33 374
33 375
33 376
33 377
33 378
33 379
33 380
33 381
33 382
33 383
33 384
33 385
33 386
33 387
33 388
33 389
33 390
33 391
33 392
33 393
33 394
33 395
33 396
33 397
33 398
33 399
33 400
33 401
33 402
33 403
33 404
33 405
33 406
33 407
33 408
33 409
33 410
33 411
33 412
33 413
33 414
33 415
33 416
33 417
33 418
33 419
33 420
33 421
33 422
33 423
33 424
33 425
33 426
33 427
33 428
33 429
33 430
33 431
33 432
33 433
33 434
33 435
33 436
33 437
33 438
33 439
33 440
33 441
33 442
33 443
33 444
33 445
33 446
33 447
33 448
33 449
33 450
33 451
33 452
33 453
33 454
33 455
33 456
33 457
33 458
33 459
33 460
33 461
33 462
33 463
33 464
33 465
33 466
33 467
33 468
33 469
33 470
33 471
33 472
33 473
33 474
33 475
33 476
33 477
33 478
33 479
33 480
33 481
33 482
33 483
33 484
33 485
33 486
33 487
33 488
33 489
33 490
33 491
33 492
33 493
33 494
33 495
33 496
33 497
33 498
33 499
33 500
33 501
33 502
33 503
33 504
33 505
33 506
33 507
33 508
33 509
33 510
33 511
33 512
33 513
