10 535 287 335
10 535
10 535
11 534
12 533
13 532
14 531
15 530
16 529
17 528
18 527
19 526
20 525
21 524
22 523
23 522
24 521
25 520
26 519
27 518
28 517
29 516
30 515
31 514
32 513
33 512
34 511
35 510
36 509
37 508
38 507
39 506
40 505
41 504
42 503
43 502
44 501
45 500
46 499
47 498
48 497
49 496
50 495
51 494
52 493
53 492
54 491
55 490
56 489
57 488
58 487
59 486
60 485
61 484
62 483
63 482
64 481
65 480
66 479
67 478
68 477
69 476
70 475
71 474
72 473
73 472
74 471
75 470
76 469
77 468
78 467
79 466
80 465
81 464
82 463
83 462
84 461
85 460
86 459
87 458
88 457
89 456
90 455
91 454
92 453
93 452
94 451
95 450
96 449
97 448
98 447
99 446
100 445
101 444
102 443
103 442
104 441
105 440
106 439
107 438
108 437
109 436
110 435
111 434
112 433
113 432
114 431
115 430
116 429
117 428
118 427
119 426
120 425
121 424
122 423
123 422
124 421
125 420
126 419
127 418
128 417
129 416
130 415
131 414
132 413
133 412
134 411
135 410
136 409
137 408
138 407
139 406
140 405
141 404
142 403
143 402
144 401
145 400
146 399
147 398
148 397
149 396
150 395
151 394
152 393
153 392
154 391
155 390
154 389
153 388
152 387
151 386
150 385
149 384
148 383
147 382
147 381
146 380
145 379
145 378
144 377
144 376
143 375
143 374
142 373
142 372
141 371
141 370
140 369
140 368
140 367
139 366
139 365
139 364
138 363
138 362
138 361
137 360
137 359
137 358
137 357
137 356
136 355
136 354
136 353
136 352
136 351
136 350
135 349
135 348
135 347
135 346
135 345
135 344
134 343
134 342
134 341
134 340
134 339
134 338
134 337
133 336
133 335
133 334
133 333
133 332
132 331
132 330
132 329
131 328
131 327
131 326
131 325
130 324
130 323
130 322
129 321
129 320
129 319
128 318
128 317
127 316
127 315
126 314
126 313
125 312
125 311
124 310
124 309
123 308
122 307
122 306
121 305
120 304
120 303
119 302
118 301
118 300
117 299
117 298
116 297
116 296
115 295
115 294
114 293
114 292
113 291
113 290
112 289
112 288
111 287
111 286
110 285
110 284
109 283
109 282
108 281
108 280
107 279
107 278
106 277
106 276
106 275
105 274
105 273
104 272
104 271
103 270
103 269
103 268
102 267
102 266
101 265
101 264
100 263
100 262
100 261
99 260
99 259
98 258
98 257
98 256
97 255
97 254
97 253
96 252
96 251
96 250
95 249
95 248
95 247
94 246
94 245
94 244
94 243
93 242
93 241
93 240
93 239
92 238
92 237
92 236
92 235
91 234
91 233
91 232
91 231
90 230
90 229
90 228
90 227
90 226
89 225
89 224
89 223
89 222
89 221
89 220
88 219
88 218
88 217
88 216
88 215
88 214
88 213
88 212
87 211
87 210
87 209
87 208
87 207
87 206
87 205
87 204
87 203
87 202
87 201
87 200
87 199
87 198
86 197
86 196
86 195
86 194
86 193
86 192
86 191
86 190
86 189
86 188
86 187
87 186
87 185
87 184
87 183
87 182
87 181
87 180
87 179
87 178
87 177
87 176
87 175
87 174
87 173
87 172
87 171
88 170
88 169
88 168
88 167
88 166
88 165
88 164
88 163
88 162
88 161
88 160
88 159
88 158
88 157
89 156
89 155
89 154
89 153
89 152
89 151
89 150
89 149
89 148
89 147
89 146
90 145
90 144
90 143
90 142
90 141
90 140
90 139
90 138
91 137
91 136
91 135
91 134
91 133
91 132
91 131
91 130
91 129
92 128
92 127
92 126
92 125
92 124
92 123
92 122
92 121
92 120
93 119
93 118
93 117
93 116
93 115
93 114
93 113
93 112
94 111
94 110
94 109
94 108
94 107
95 106
95 105
95 104
95 103
95 102
95 101
95 100
95 99
96 98
96 97
96 96
96 95
96 94
96 93
96 92
96 91
96 90
97 89
97 88
97 87
97 86
97 85
97 84
97 83
98 82
98 81
98 80
98 79
98 78
98 77
98 76
99 75
99 74
99 73
99 72
99 71
99 70
99 69
100 68
101 68
102 68
103 68
104 68
105 69
106 70
107 71
108 72
109 73
110 74
111 75
112 76
113 77
114 78
115 79
116 80
117 81
118 82
119 83
120 84
121 85
122 86
123 87
124 88
125 89
126 90
127 91
128 92
129 93
130 94
131 95
132 96
133 97
134 98
135 99
136 100
137 101
138 102
139 103
140 104
141 105
142 106
143 107
144 108
145 109
146 110
147 111
148 112
149 113
150 114
151 115
152 116
153 117
154 118
155 119
156 120
157 121
158 122
159 123
160 124
161 125
162 126
163 127
164 128
165 129
166 130
167 131
168 132
169 133
170 134
171 135
172 136
173 137
174 138
175 139
176 140
177 141
178 142
179 143
180 144
181 145
182 146
183 147
184 148
185 149
186 150
187 151
188 152
189 153
190 154
191 155
192 156
193 157
194 158
195 159
196 160
197 161
198 162
199 163
200 164
201 165
202 166
203 167
204 168
205 169
206 170
207 171
208 172
209 173
210 174
211 175
212 176
213 177
214 178
215 179
216 180
217 181
218 182
219 183
220 184
221 185
222 186
223 187
224 188
225 189
226 190
227 191
228 192
229 193
230 194
231 195
232 196
233 197
234 198
235 199
236 200
237 201
238 202
239 203
240 204
241 205
242 206
243 207
244 208
245 209
246 210
247 211
248 212
249 213
250 214
251 215
252 216
253 217
254 218
255 219
256 220
257 221
258 222
259 223
260 224
261 225
262 226
263 227
264 228
265 229
266 230
267 231
268 232
269 233
270 234
271 235
272 236
273 237
274 238
275 239
276 240
277 241
278 242
279 243
280 244
281 245
282 246
283 247
284 248
285 249
286 250
287 251
287 252
287 253
287 254
287 255
287 256
287 257
287 258
287 259
287 260
287 261
287 262
287 263
287 264
287 265
287 266
287 267
287 268
287 269
287 270
287 271
287 272
287 273
287 274
287 275
287 276
287 277
287 278
287 279
287 280
287 281
287 282
287 283
287 284
287 285
287 286
287 287
287 288
287 289
287 290
287 291
287 292
287 293
287 294
287 295
287 296
287 297
287 298
287 299
287 300
287 301
287 302
287 303
287 304
287 305
287 306
287 307
287 308
287 309
287 310
287 311
287 312
287 313
287 314
287 315
287 316
287 317
287 318
287 319
287 320
287 321
287 322
287 323
287 324
287 325
287 326
287 327
287 328
287 329
287 330
287 331
287 332
287 333
287 334
287 335
