365 403 295 562
365 403
365 403
364 402
363 401
362 400
361 399
360 398
359 397
358 396
357 395
356 394
355 393
354 392
353 391
352 390
351 389
350 388
349 387
348 386
347 385
346 384
345 383
344 382
343 381
342 380
341 379
340 378
339 377
338 376
337 375
336 374
335 373
334 372
333 371
332 370
331 369
330 368
329 367
328 366
327 365
326 364
325 363
324 362
323 361
322 360
321 359
320 358
319 357
318 356
317 355
316 354
315 353
314 352
313 351
312 350
311 349
310 348
309 347
308 346
307 345
306 344
305 343
304 342
303 341
302 340
301 339
300 338
299 337
298 336
297 335
296 334
295 333
295 332
295 331
295 330
295 329
295 328
295 327
295 326
295 325
295 324
295 323
295 322
295 321
295 320
295 319
295 318
295 317
295 316
295 315
295 314
295 313
295 312
295 311
295 310
295 309
295 308
295 307
295 306
295 305
295 304
295 303
294 302
293 301
292 300
291 299
290 298
289 297
288 296
287 295
286 294
285 293
284 292
283 291
282 290
281 289
280 288
279 287
278 286
277 285
276 284
275 283
274 282
273 281
272 280
271 279
270 278
269 277
268 276
267 275
266 274
265 273
264 272
263 271
262 270
261 269
260 268
259 267
258 266
257 265
256 264
255 263
254 262
253 261
252 260
251 259
250 258
249 257
248 256
247 255
246 254
245 253
244 252
243 251
242 250
241 249
240 248
239 247
238 246
237 245
236 244
235 243
234 242
233 241
232 240
231 239
230 238
229 237
228 236
227 235
226 234
225 233
224 232
223 231
222 230
221 229
220 228
219 227
218 226
217 225
216 224
215 223
214 222
213 221
212 220
211 219
210 218
209 217
208 216
207 215
206 214
205 213
204 212
203 211
202 210
201 209
200 208
199 207
198 206
197 205
196 204
195 203
194 202
193 201
192 200
191 199
190 198
189 197
188 196
187 195
186 194
185 193
184 192
183 191
182 190
181 189
180 188
179 187
178 186
177 185
176 184
175 183
174 182
173 181
172 180
171 179
170 178
169 177
168 176
167 175
166 174
165 173
164 172
163 171
162 170
161 169
160 168
159 167
158 166
157 165
156 164
155 163
154 162
153 161
152 160
151 159
150 158
149 157
148 156
147 155
146 154
145 153
144 152
143 151
142 150
141 149
140 148
139 147
138 146
137 145
136 144
135 143
134 142
133 141
132 140
131 139
130 138
129 137
128 136
127 136
126 136
125 136
124 136
123 137
123 138
123 139
123 140
123 141
123 142
123 143
123 144
123 145
123 146
123 147
124 148
124 149
124 150
124 151
124 152
124 153
124 154
124 155
124 156
124 157
124 158
124 159
124 160
124 161
124 162
124 163
124 164
125 165
125 166
125 167
125 168
125 169
126 170
126 171
127 172
127 173
128 174
129 175
129 176
130 177
130 178
131 179
131 180
132 181
132 182
132 183
133 184
133 185
133 186
133 187
134 188
134 189
134 190
134 191
135 192
135 193
135 194
135 195
135 196
135 197
135 198
135 199
135 200
135 201
135 202
135 203
135 204
135 205
135 206
135 207
135 208
135 209
135 210
135 211
135 212
135 213
135 214
135 215
135 216
135 217
135 218
135 219
136 220
136 221
136 222
136 223
136 224
136 225
136 226
136 227
136 228
137 229
137 230
137 231
137 232
137 233
137 234
137 235
137 236
137 237
137 238
137 239
137 240
137 241
138 242
138 243
138 244
138 245
138 246
138 247
138 248
139 249
139 250
139 251
140 252
140 253
141 254
141 255
142 256
142 257
142 258
142 259
143 260
143 261
143 262
143 263
144 264
144 265
145 266
146 267
147 268
148 269
149 270
150 271
151 272
152 273
153 274
154 275
155 276
156 277
157 278
158 279
159 280
160 281
161 282
162 283
163 284
164 285
165 286
166 287
167 288
168 289
169 290
170 291
171 292
172 293
173 294
174 295
175 296
176 297
177 298
178 299
178 300
178 301
179 302
179 303
180 304
180 305
180 306
181 307
181 308
181 309
182 310
182 311
182 312
183 313
183 314
183 315
183 316
184 317
184 318
185 319
185 320
186 321
186 322
187 323
188 324
189 325
189 326
190 327
190 328
191 329
191 330
191 331
191 332
191 333
191 334
190 335
190 336
189 337
189 338
188 339
187 340
187 341
186 342
185 343
184 344
184 345
183 346
183 347
182 348
182 349
181 350
181 351
180 352
180 353
180 354
180 355
180 356
180 357
180 358
180 359
180 360
180 361
180 362
180 363
180 364
180 365
180 366
180 367
181 368
181 369
181 370
181 371
181 372
182 373
182 374
182 375
182 376
183 377
183 378
183 379
184 380
184 381
184 382
185 383
185 384
185 385
186 386
186 387
186 388
187 389
187 390
187 391
188 392
188 393
188 394
189 395
189 396
189 397
190 398
190 399
191 400
191 401
191 402
192 403
192 404
193 405
193 406
194 407
194 408
194 409
195 410
195 411
196 412
196 413
197 414
197 415
198 416
198 417
199 418
199 419
200 420
201 421
201 422
202 423
202 424
203 425
204 426
205 427
206 428
207 429
208 430
209 431
210 432
211 433
212 434
213 435
214 436
215 437
216 438
217 439
218 440
219 441
220 442
221 443
222 444
223 445
224 446
225 447
226 448
227 449
228 450
229 451
230 452
231 453
232 454
233 455
234 456
235 457
236 458
237 459
238 460
239 461
240 462
241 463
242 464
243 465
244 466
245 467
246 468
247 469
248 470
249 471
250 472
251 473
251 474
251 475
251 476
251 477
251 478
251 479
250 480
250 481
250 482
250 483
250 484
250 485
250 486
250 487
250 488
250 489
250 490
250 491
251 492
252 493
253 494
254 495
255 496
256 497
257 498
258 499
259 500
260 501
261 502
262 503
262 504
263 505
264 506
264 507
265 508
266 509
267 510
268 511
269 512
269 513
270 514
271 515
272 516
273 517
274 518
275 519
276 520
277 521
278 522
279 523
280 524
281 525
282 526
283 527
284 528
285 529
286 530
287 531
288 532
289 533
290 534
291 535
292 536
293 537
294 538
295 539
295 540
295 541
295 542
295 543
295 544
295 545
295 546
295 547
295 548
295 549
295 550
295 551
295 552
295 553
295 554
295 555
295 556
295 557
295 558
295 559
295 560
295 561
295 562
