365,403
365,402
365,401
365,400
365,399
365,398
365,397
365,396
365,395
365,394
365,393
365,392
365,391
365,390
365,389
365,388
365,387
365,386
365,385
365,384
365,383
365,382
365,381
365,380
365,379
365,378
365,377
365,376
365,375
365,374
365,373
365,372
365,371
364,370
363,369
363,368
362,367
361,366
360,365
360,364
359,363
358,362
357,361
356,360
355,359
354,358
353,357
352,356
351,355
350,354
349,353
348,352
347,351
346,350
345,349
344,348
343,347
342,346
341,345
340,344
339,343
338,342
337,341
336,340
335,339
334,338
333,337
332,336
331,335
330,334
329,333
328,332
327,331
326,330
325,329
324,328
323,327
322,326
321,325
320,324
319,323
318,322
317,321
316,320
315,319
314,318
313,317
312,316
311,315
310,314
309,313
308,312
307,311
306,310
305,309
304,308
303,307
302,306
301,305
300,304
299,303
298,302
297,301
296,300
295,299
294,298
293,297
292,296
291,295
290,294
289,293
288,292
287,291
286,290
285,289
284,288
283,287
282,286
281,285
280,284
279,283
278,282
277,281
276,280
275,279
274,278
273,277
272,276
271,275
270,274
269,273
268,272
267,271
266,270
265,269
264,268
263,267
262,266
261,265
260,264
259,263
258,262
257,261
256,260
255,259
254,258
253,257
252,256
251,255
250,254
249,253
248,252
247,251
246,250
245,249
244,248
243,247
242,246
241,245
240,244
239,243
238,242
237,241
236,240
235,239
234,238
233,237
232,236
231,235
230,234
229,233
228,232
227,231
226,230
225,229
224,228
223,227
222,226
221,225
220,224
219,223
218,222
217,221
216,220
215,219
214,218
213,217
212,216
211,215
210,214
209,213
208,212
207,211
206,210
205,209
204,208
203,207
202,206
201,205
200,204
199,203
198,202
197,201
196,200
195,199
194,198
193,197
192,196
191,195
190,194
189,193
188,192
187,191
186,190
185,189
184,188
183,187
182,186
181,185
180,184
179,183
178,182
177,181
176,180
175,179
174,178
173,177
172,176
171,175
170,174
169,173
168,172
167,171
166,170
165,169
164,168
163,167
162,166
161,165
160,164
159,163
158,162
157,161
156,160
155,159
154,158
153,157
152,156
151,155
150,154
149,153
148,152
147,151
146,150
145,149
144,148
143,147
142,146
141,145
140,144
139,143
138,142
137,141
136,140
135,139
134,138
133,137
132,136
131,135
130,134
129,134
128,134
127,134
126,134
125,134
124,134
123,134
122,134
121,135
121,136
121,137
121,138
121,139
121,140
121,141
121,142
121,143
121,144
121,145
121,146
121,147
121,148
121,149
121,150
121,151
121,152
121,153
121,154
121,155
121,156
121,157
121,158
121,159
121,160
121,161
121,162
121,163
121,164
121,165
121,166
121,167
121,168
121,169
121,170
121,171
122,172
123,173
123,174
123,175
123,176
124,177
125,178
125,179
125,180
125,181
125,182
125,183
125,184
125,185
125,186
126,187
127,188
127,189
127,190
127,191
127,192
127,193
127,194
127,195
127,196
128,197
129,198
130,199
130,200
130,201
130,202
130,203
131,204
131,205
131,206
131,207
131,208
131,209
131,210
131,211
132,212
132,213
132,214
132,215
133,216
133,217
133,218
133,219
133,220
133,221
133,222
133,223
134,224
134,225
134,226
134,227
134,228
134,229
134,230
135,231
135,232
135,233
135,234
135,235
135,236
135,237
135,238
135,239
135,240
135,241
135,242
135,243
136,244
136,245
136,246
136,247
136,248
136,249
136,250
137,251
137,252
137,253
138,254
138,255
138,256
138,257
138,258
138,259
138,260
138,261
138,262
138,263
138,264
139,265
139,266
139,267
140,268
140,269
141,270
141,271
142,272
142,273
142,274
142,275
143,276
143,277
143,278
144,279
145,280
146,281
147,282
148,283
149,284
150,285
150,286
150,287
150,288
150,289
150,290
150,291
150,292
151,293
152,294
152,295
153,296
153,297
153,298
153,299
153,300
154,301
154,302
154,303
154,304
154,305
155,306
155,307
155,308
155,309
156,310
156,311
156,312
157,313
157,314
157,315
158,316
158,317
158,318
158,319
159,320
160,321
161,322
161,323
161,324
161,325
161,326
162,327
162,328
162,329
163,330
163,331
163,332
163,333
164,334
164,335
164,336
165,337
166,338
167,339
168,340
168,341
168,342
169,343
170,344
171,345
172,346
173,347
174,348
174,349
174,350
175,351
175,352
176,353
176,354
176,355
176,356
176,357
176,358
176,359
176,360
176,361
176,362
176,363
176,364
176,365
176,366
176,367
176,368
176,369
176,370
176,371
177,372
177,373
177,374
177,375
177,376
178,377
178,378
178,379
178,380
179,381
179,382
179,383
180,384
180,385
180,386
181,387
181,388
181,389
182,390
182,391
182,392
183,393
183,394
183,395
184,396
184,397
184,398
185,399
185,400
185,401
186,402
186,403
187,404
187,405
187,406
188,407
188,408
189,409
189,410
190,411
190,412
190,413
191,414
191,415
192,416
192,417
193,418
193,419
194,420
194,421
195,422
195,423
196,424
197,425
197,426
198,427
198,428
199,429
200,430
201,431
202,432
203,433
204,434
205,435
206,436
207,437
208,438
209,439
210,440
211,441
212,442
213,443
214,444
215,445
216,446
217,447
218,448
219,449
220,450
221,451
222,452
223,453
224,454
225,455
226,456
227,457
228,458
229,459
230,460
231,461
232,462
233,463
234,464
235,465
236,466
237,467
238,468
239,469
240,470
241,471
242,472
243,473
244,474
245,475
245,476
246,477
247,478
248,479
248,480
248,481
248,482
248,483
248,484
248,485
248,486
248,487
248,488
248,489
248,490
248,491
248,492
248,493
249,494
250,495
251,496
252,497
253,498
254,499
255,500
256,501
257,502
258,503
259,504
260,505
260,506
261,507
262,508
262,509
263,510
264,511
265,512
266,513
267,514
267,515
268,516
269,517
270,518
271,519
272,520
273,521
274,522
275,523
276,524
277,525
277,526
278,527
279,528
280,529
280,530
280,531
280,532
281,533
282,534
283,535
283,536
283,537
284,538
284,539
285,540
285,541
285,542
286,543
286,544
286,545
287,546
288,547
289,548
290,549
290,550
291,551
291,552
291,553
292,554
292,555
292,556
293,557
294,558
294,559
294,560
294,561
295,562
