0
0
0
0
-1.24716e-05
-1.71318e-05
-2.247e-05
-2.84254e-05
-3.49353e-05
-4.19351e-05
-4.9359e-05
-5.71392e-05
-6.52069e-05
-7.34918e-05
-8.19228e-05
-9.04278e-05
-9.89343e-05
-0.00010737
-0.000115661
-0.000123737
-0.000131526
-0.000138959
-0.000145968
-0.00015249
-0.000158463
-0.000163829
-0.000168538
-0.00017254
-0.000175795
-0.000178267
-0.000179926
-0.000180771
-0.000180823
-0.000180106
-0.000178668
-0.000176573
-0.000173903
-0.000170715
-0.000167064
-0.000163017
-0.000158636
-0.000153977
-0.000149089
-0.000144034
-0.000138865
-0.000133629
-0.000128367
-0.000123113
-0.000117899
-0.000112747
-0.000107681
-0.000102716
-9.78656e-05
-9.31416e-05
-8.85517e-05
-8.4102e-05
-7.97966e-05
-7.5638e-05
-7.16275e-05
-6.7765e-05
-6.40497e-05
-6.048e-05
-5.70535e-05
-5.37675e-05
-5.06189e-05
-4.76042e-05
-4.47198e-05
-4.19619e-05
-3.93265e-05
-3.68098e-05
-3.44079e-05
-3.21168e-05
-2.99326e-05
-2.78516e-05
-2.587e-05
-2.39842e-05
-2.21907e-05
-2.0486e-05
-1.88668e-05
-1.733e-05
-1.58723e-05
-1.44908e-05
-1.31827e-05
-1.19451e-05
-1.07753e-05
-9.6707e-06
-8.62885e-06
-7.6473e-06
-6.7237e-06
-5.85581e-06
-5.04142e-06
-4.27843e-06
-3.56479e-06
-2.8985e-06
-2.27764e-06
-1.70034e-06
-1.16478e-06
-6.69192e-07
-2.11856e-07
2.08901e-07
5.9471e-07
9.4716e-07
1.2678e-06
1.55814e-06
1.81965e-06
2.05377e-06
2.26191e-06
2.44543e-06
2.60567e-06
2.74394e-06
2.8615e-06
2.95961e-06
3.03947e-06
3.10227e-06
3.14916e-06
3.18126e-06
3.19967e-06
3.20546e-06
3.19967e-06
3.18331e-06
3.15736e-06
3.1228e-06
3.08054e-06
3.0315e-06
2.97655e-06
2.91656e-06
2.85235e-06
2.78473e-06
2.71449e-06
2.64238e-06
2.56914e-06
2.49548e-06
2.42209e-06
2.34965e-06
2.2788e-06
2.21018e-06
2.14438e-06
2.08199e-06
2.02358e-06
1.9697e-06
1.92088e-06
1.87761e-06
1.84041e-06
1.80972e-06
1.78601e-06
1.76971e-06
1.76123e-06
1.76096e-06
1.76929e-06
1.78655e-06
1.81309e-06
1.84922e-06
1.89523e-06
1.95138e-06
2.01792e-06
2.09507e-06
2.18301e-06
2.28192e-06
2.39193e-06
2.51315e-06
2.64565e-06
2.78947e-06
2.94462e-06
3.11107e-06
3.28875e-06
3.47754e-06
3.6773e-06
3.88783e-06
4.10888e-06
4.34014e-06
4.58129e-06
4.83191e-06
5.09155e-06
5.3597e-06
5.63578e-06
5.91916e-06
6.20913e-06
6.50495e-06
6.80577e-06
7.11071e-06
7.41879e-06
7.72899e-06
8.04021e-06
8.35127e-06
8.66094e-06
8.96791e-06
9.2708e-06
9.56816e-06
9.8585e-06
1.01402e-05
1.04117e-05
1.06713e-05
1.09172e-05
1.11476e-05
1.13607e-05
1.15545e-05
1.17272e-05
1.18767e-05
1.2001e-05
1.2098e-05
1.21657e-05
1.22019e-05
1.22045e-05
1.21712e-05
1.21e-05
1.19885e-05
1.18345e-05
1.16357e-05
1.13898e-05
1.10944e-05
1.07472e-05
1.03456e-05
9.88716e-06
9.36931e-06
8.78936e-06
8.1445e-06
7.43183e-06
6.64826e-06
5.79056e-06
4.85526e-06
3.83865e-06
2.73671e-06
1.54511e-06
2.59103e-07
-1.1265e-06
-2.61742e-06
-4.21999e-06
-5.94123e-06
-7.78897e-06
-9.77194e-06
-1.18999e-05
-1.4184e-05
-1.66365e-05
-1.92714e-05
-2.21046e-05
-2.5154e-05
-2.844e-05
-3.19858e-05
-3.58178e-05
-3.99661e-05
-4.44655e-05
-4.93555e-05
-5.46818e-05
-6.0497e-05
-6.68617e-05
-7.38465e-05
-8.15328e-05
-9.00158e-05
-9.94065e-05
-0.000109835
-0.000120902
-0.000132773
-0.000145641
-0.000159745
-0.000175371
-0.000192872
-0.000213289
-0.000237192
-0.000265291
-0.000298466
-0.00033782
-0.000384732
-0.000440929
-0.000508567
-0.000590321
-0.000689468
-0.00080992
-0.000947741
-0.00110499
-0.00128325
0.0216396
0.0224982
0.0233648
0.0242058
0.0249931
0.0257073
-0.00287852
-0.00300135
-0.00303575
-0.0029747
-0.00282318
-0.00261145
-0.00235727
-0.00209136
-0.00183244
-0.00159257
-0.00137791
-0.00119033
-0.00102894
-0.000891424
-0.000774864
-0.000676282
-0.000592901
-0.000522263
-0.00046226
-0.000411114
-0.000367349
-0.00032974
-0.000297278
-0.00026913
-0.000244609
-0.000223145
-0.000204264
-0.000187574
-0.000172742
-0.00015949
-0.000147582
-0.000136816
-0.000127018
-0.00011804
-0.000109748
-0.00010203
-9.47801e-05
-8.79291e-05
-8.14351e-05
-7.52628e-05
-6.93823e-05
-6.37681e-05
-5.83664e-05
-5.31775e-05
-4.81843e-05
-4.33736e-05
-3.87357e-05
-3.42639e-05
-2.99868e-05
-2.58635e-05
-2.18543e-05
-1.79205e-05
-1.40459e-05
-1.0237e-05
-6.5015e-06
-2.84851e-06
7.11861e-07
4.16834e-06
7.53068e-06
1.08304e-05
1.40993e-05
1.73692e-05
2.06492e-05
2.39249e-05
2.71569e-05
3.03046e-05
3.33254e-05
3.61749e-05
3.88308e-05
4.12693e-05
4.34894e-05
4.549e-05
4.72699e-05
4.88275e-05
5.01614e-05
5.12947e-05
5.22517e-05
5.30308e-05
5.36308e-05
5.40501e-05
5.42873e-05
5.43139e-05
5.41013e-05
5.3646e-05
5.29449e-05
5.19947e-05
5.07921e-05
4.93609e-05
4.7725e-05
4.58814e-05
4.3827e-05
4.15584e-05
3.90723e-05
3.63653e-05
3.34337e-05
3.03016e-05
2.69654e-05
2.34211e-05
1.96649e-05
1.56928e-05
1.15008e-05
7.08509e-06
2.47014e-06
-2.31924e-06
-7.25798e-06
-1.23207e-05
-1.74819e-05
-2.27156e-05
-2.79958e-05
-3.33244e-05
-3.87032e-05
-4.41336e-05
-4.96162e-05
-5.51512e-05
-6.0738e-05
-6.6347e-05
-7.1976e-05
-7.76217e-05
-8.32802e-05
-8.89741e-05
-9.47247e-05
-0.000100552
-0.000106444
-0.000112391
-0.000118379
-0.000124363
-0.000130301
-0.000136147
-0.000141856
-0.000147379
-0.000152697
-0.000155562
-0.000156013
-0.000154119
-0.000149948
-0.000143594
-0.000135123
-0.000126814
-0.000118692
-0.000110752
-0.000102988
-9.53912e-05
-8.79529e-05
-8.06371e-05
-7.34317e-05
-6.63478e-05
-5.94188e-05
-5.26765e-05
-4.61752e-05
-3.99919e-05
-3.42025e-05
-2.88588e-05
-2.39895e-05
-1.96003e-05
-1.56746e-05
-1.21735e-05
-9.036e-06
-6.20204e-06
-3.63596e-06
-1.3261e-06
7.38682e-07
2.54569e-06
4.08183e-06
5.33361e-06
6.31053e-06
7.04517e-06
7.54645e-06
7.84651e-06
7.97732e-06
7.97084e-06
7.85896e-06
7.65012e-06
7.3761e-06
7.06873e-06
6.75978e-06
6.4576e-06
6.17046e-06
5.93008e-06
5.74466e-06
5.62239e-06
5.57141e-06
5.59982e-06
5.71569e-06
5.92707e-06
6.26556e-06
6.73921e-06
7.33254e-06
8.02996e-06
8.81587e-06
9.67462e-06
1.05905e-05
1.15714e-05
1.2625e-05
1.37829e-05
1.50764e-05
1.65136e-05
1.81024e-05
1.98508e-05
2.17907e-05
2.39304e-05
2.62783e-05
2.88669e-05
3.17049e-05
3.47772e-05
3.80443e-05
4.14662e-05
4.50023e-05
4.86114e-05
5.22512e-05
5.58779e-05
5.94463e-05
6.29095e-05
6.61938e-05
6.91986e-05
7.1845e-05
7.40768e-05
7.58353e-05
7.70849e-05
7.77883e-05
7.79321e-05
7.75024e-05
7.64848e-05
7.48902e-05
7.27298e-05
7.0041e-05
6.6862e-05
6.32318e-05
5.91902e-05
5.47777e-05
5.00354e-05
4.50051e-05
3.97289e-05
3.42494e-05
2.86092e-05
2.28515e-05
1.70192e-05
1.11556e-05
5.27697e-06
-6.0021e-07
-6.45968e-06
-1.22852e-05
-1.80604e-05
-2.37958e-05
-2.94747e-05
-3.50805e-05
-4.05963e-05
-4.60314e-05
-5.13947e-05
-5.66681e-05
-6.18591e-05
-6.67132e-05
-7.124e-05
-7.54482e-05
-7.93463e-05
-8.29424e-05
-8.62435e-05
-8.95158e-05
-9.27617e-05
-9.59818e-05
-9.91761e-05
-0.000102343
-0.000105481
-0.000108584
-0.00011165
-0.00011467
-0.000117638
-0.000120546
-0.000123383
-0.000126139
-0.000128825
-0.000131429
-0.000133935
-0.000136352
-0.000138663
-0.000140872
-0.000142961
-0.000144932
-0.000146785
-0.0001485
-0.000150075
-0.000151488
-0.000152737
-0.000153799
-0.000154671
-0.00015535
-0.000155832
-0.000156114
-0.000156189
-0.000156055
-0.000155707
-0.000155157
-0.0001544
-0.000151909
-0.000147791
-0.000142162
-0.000135128
-0.000126785
-0.000117233
-0.000108036
-9.91836e-05
-9.06644e-05
-8.2465e-05
-7.45709e-05
-6.69665e-05
-5.9636e-05
-5.25633e-05
-4.57327e-05
-3.91286e-05
-3.27362e-05
-2.65413e-05
-2.05305e-05
-1.46917e-05
-9.01335e-06
-3.4855e-06
1.9007e-06
7.15275e-06
1.22767e-05
1.72769e-05
2.21563e-05
2.6916e-05
3.15551e-05
3.60708e-05
4.04581e-05
4.47099e-05
4.88164e-05
5.27656e-05
5.65426e-05
6.01295e-05
6.35056e-05
6.66472e-05
6.95272e-05
7.21153e-05
7.43779e-05
7.6278e-05
7.77755e-05
7.88269e-05
7.93858e-05
7.94034e-05
7.88282e-05
7.76069e-05
7.56852e-05
7.30242e-05
6.95864e-05
6.53356e-05
6.02384e-05
5.42822e-05
4.74764e-05
3.98371e-05
3.14045e-05
2.22436e-05
1.24445e-05
2.1052e-06
-8.66906e-06
-1.97672e-05
-3.10733e-05
-4.24682e-05
-5.38307e-05
-6.50398e-05
-7.32231e-05
-7.83961e-05
-8.06061e-05
-7.99276e-05
-7.64572e-05
-7.03087e-05
-6.43016e-05
-5.84474e-05
-5.2756e-05
-4.72363e-05
-4.1896e-05
-3.67426e-05
-3.17832e-05
-2.70103e-05
-2.24172e-05
-1.79973e-05
-1.37304e-05
-9.59715e-06
-5.57876e-06
-1.67188e-06
2.1262e-06
5.81745e-06
9.40317e-06
1.28839e-05
1.62592e-05
1.9528e-05
2.26878e-05
2.57354e-05
2.86513e-05
3.14144e-05
3.40021e-05
3.63896e-05
3.85503e-05
4.04711e-05
4.21371e-05
4.3532e-05
4.46374e-05
4.54497e-05
4.59807e-05
4.62422e-05
4.62459e-05
4.60031e-05
4.55255e-05
4.48249e-05
4.39138e-05
4.27884e-05
4.14615e-05
3.99462e-05
3.82736e-05
3.64757e-05
3.45681e-05
3.25842e-05
3.05586e-05
2.8526e-05
2.65041e-05
2.44925e-05
2.24903e-05
2.04966e-05
1.8492e-05
1.64749e-05
1.4462e-05
1.24701e-05
1.05343e-05
8.69022e-06
6.97359e-06
5.40134e-06
3.99034e-06
2.77582e-06
1.79284e-06
0
0
0
