304,559
303,558
302,557
301,556
300,555
299,554
298,553
297,552
296,551
295,550
294,549
293,548
292,547
291,546
290,545
289,544
288,543
287,542
286,541
285,540
284,539
283,538
282,537
281,536
280,535
279,534
278,533
277,532
276,531
275,530
274,529
273,528
272,527
271,526
270,525
269,524
268,523
267,522
266,521
265,520
264,519
263,518
262,517
261,516
260,515
259,514
258,513
257,512
256,511
255,510
254,509
253,508
252,507
251,506
250,505
249,504
248,503
247,502
246,501
245,500
244,499
243,498
242,497
241,496
240,495
239,494
238,493
237,492
236,491
235,490
234,489
233,488
232,487
231,486
230,485
229,484
228,483
227,482
226,481
225,480
224,479
223,478
222,477
221,476
220,475
219,474
218,473
217,472
216,471
215,470
214,469
213,468
213,467
212,466
212,465
211,464
211,463
210,462
210,461
209,460
209,459
208,458
208,457
207,456
206,455
206,454
205,453
205,452
204,451
204,450
203,449
203,448
202,447
202,446
201,445
201,444
200,443
199,442
198,441
198,440
197,439
196,438
195,437
195,436
194,435
193,434
193,433
192,432
191,431
191,430
190,429
189,428
189,427
188,426
188,425
187,424
187,423
186,422
185,421
185,420
184,419
183,418
183,417
182,416
181,415
181,414
180,413
180,412
179,411
179,410
178,409
178,408
177,407
177,406
176,405
176,404
175,403
175,402
174,401
174,400
173,399
172,398
172,397
171,396
171,395
170,394
170,393
169,392
169,391
168,390
168,389
167,388
167,387
166,386
166,385
165,384
165,383
164,382
163,381
162,380
161,379
160,378
159,377
158,376
157,375
157,374
157,373
157,372
157,371
156,370
155,369
154,368
154,367
153,366
153,365
152,364
152,363
151,362
151,361
150,360
150,359
150,358
150,357
150,356
150,355
150,354
150,353
150,352
150,351
150,350
150,349
150,348
150,347
150,346
150,345
150,344
150,343
150,342
150,341
150,340
150,339
150,338
150,337
150,336
150,335
150,334
150,333
150,332
150,331
150,330
150,329
150,328
150,327
150,326
150,325
150,324
150,323
150,322
150,321
150,320
150,319
150,318
150,317
149,316
149,315
148,314
148,313
147,312
147,311
146,310
146,309
145,308
144,307
143,306
142,305
142,304
141,303
140,302
139,301
138,300
137,299
136,298
135,297
134,296
133,295
133,294
133,293
133,292
133,291
133,290
133,289
133,288
133,287
133,286
133,285
133,284
133,283
133,282
133,281
133,280
133,279
133,278
133,277
133,276
133,275
133,274
133,273
133,272
133,271
133,270
133,269
133,268
133,267
133,266
133,265
133,264
133,263
133,262
133,261
133,260
133,259
133,258
133,257
133,256
133,255
133,254
133,253
133,252
133,251
133,250
133,249
133,248
133,247
133,246
133,245
133,244
133,243
133,242
133,241
133,240
133,239
133,238
133,237
133,236
133,235
133,234
133,233
133,232
133,231
133,230
133,229
133,228
133,227
133,226
133,225
133,224
133,223
133,222
133,221
133,220
133,219
133,218
133,217
133,216
133,215
133,214
133,213
133,212
133,211
133,210
133,209
133,208
133,207
133,206
133,205
132,204
132,203
132,202
132,201
132,200
132,199
132,198
132,197
132,196
132,195
132,194
132,193
132,192
131,191
131,190
131,189
131,188
130,187
130,186
129,185
129,184
129,183
128,182
128,181
128,180
127,179
127,178
127,177
126,176
125,175
125,174
124,173
124,172
123,171
123,170
123,169
122,168
122,167
122,166
122,165
122,164
122,163
122,162
122,161
122,160
122,159
122,158
122,157
122,156
122,155
122,154
122,153
122,152
122,151
122,150
121,149
121,148
121,147
121,146
121,145
120,144
120,143
120,142
120,141
120,140
120,139
120,138
120,137
120,136
120,135
120,134
120,133
120,132
120,131
119,130
119,129
119,128
119,127
119,126
119,125
119,124
119,123
119,122
119,121
119,120
119,119
119,118
119,117
119,116
119,115
119,114
119,113
119,112
119,111
119,110
119,109
119,108
119,107
119,106
119,105
119,104
119,103
119,102
119,101
119,100
119,99
119,98
119,97
119,96
119,95
119,94
119,93
119,92
119,91
119,90
119,89
119,88
119,87
119,86
119,85
119,84
119,83
119,82
119,81
119,80
119,79
118,78
117,77
116,76
115,75
114,74
113,73
112,72
111,71
110,70
109,69
108,68
107,67
106,66
105,66
104,66
103,66
102,66
101,66
100,66
99,66
98,66
97,67
97,68
97,69
97,70
97,71
97,72
97,73
96,74
96,75
96,76
96,77
96,78
96,79
96,80
95,81
95,82
95,83
95,84
95,85
95,86
95,87
94,88
94,89
94,90
94,91
94,92
94,93
94,94
94,95
94,96
93,97
93,98
93,99
93,100
93,101
93,102
93,103
93,104
92,105
92,106
92,107
92,108
92,109
91,110
91,111
91,112
91,113
91,114
91,115
91,116
91,117
90,118
90,119
90,120
90,121
90,122
90,123
90,124
90,125
90,126
89,127
89,128
89,129
89,130
89,131
89,132
89,133
89,134
89,135
88,136
88,137
88,138
88,139
88,140
88,141
88,142
88,143
87,144
87,145
87,146
87,147
87,148
87,149
87,150
87,151
87,152
87,153
87,154
86,155
86,156
86,157
86,158
86,159
86,160
86,161
86,162
86,163
86,164
86,165
86,166
86,167
86,168
85,169
85,170
85,171
85,172
85,173
85,174
85,175
85,176
85,177
85,178
85,179
85,180
85,181
85,182
85,183
85,184
84,185
84,186
84,187
84,188
84,189
84,190
84,191
84,192
84,193
84,194
84,195
84,196
84,197
84,198
84,199
84,200
84,201
84,202
84,203
84,204
84,205
84,206
84,207
84,208
84,209
84,210
84,211
84,212
84,213
84,214
84,215
84,216
84,217
84,218
84,219
84,220
84,221
84,222
84,223
84,224
84,225
84,226
84,227
84,228
84,229
84,230
84,231
84,232
84,233
84,234
84,235
84,236
84,237
84,238
84,239
84,240
84,241
84,242
84,243
84,244
83,245
83,246
83,247
83,248
83,249
83,250
83,251
83,252
83,253
83,254
83,255
83,256
83,257
83,258
83,259
83,260
83,261
83,262
83,263
83,264
83,265
82,266
82,267
81,268
80,269
80,270
80,271
80,272
79,273
79,274
79,275
79,276
78,277
78,278
78,279
78,280
78,281
78,282
78,283
78,284
78,285
78,286
78,287
78,288
78,289
78,290
78,291
78,292
78,293
78,294
77,295
77,296
77,297
77,298
77,299
77,300
77,301
77,302
76,303
76,304
76,305
76,306
76,307
76,308
76,309
76,310
75,311
74,312
73,313
72,314
72,315
72,316
72,317
72,318
72,319
72,320
72,321
72,322
72,323
71,324
71,325
71,326
70,327
69,328
68,329
67,330
67,331
67,332
67,333
66,334
65,335
64,336
63,337
62,338
61,339
61,340
61,341
60,342
59,343
59,344
58,345
57,346
56,347
55,348
54,349
54,350
54,351
53,352
52,353
51,354
51,355
50,356
49,357
49,358
48,359
48,360
48,361
48,362
47,363
47,364
47,365
47,366
47,367
47,368
47,369
46,370
45,371
44,372
44,373
43,374
42,375
42,376
42,377
42,378
41,379
41,380
41,381
41,382
40,383
39,384
39,385
39,386
39,387
38,388
38,389
37,390
37,391
36,392
36,393
36,394
35,395
35,396
