0
0
0
0
-6.74406e-08
-8.65702e-08
-1.0564e-07
-1.23654e-07
-1.39625e-07
-1.52569e-07
-1.61509e-07
-1.65477e-07
-1.63509e-07
-1.54648e-07
-1.37945e-07
-1.12454e-07
-7.72375e-08
-3.136e-08
2.61091e-08
9.60974e-08
1.7953e-07
2.77331e-07
3.90422e-07
5.19725e-07
6.66164e-07
8.30662e-07
1.01415e-06
1.21754e-06
1.44178e-06
1.68779e-06
1.95651e-06
2.24889e-06
2.56586e-06
2.90836e-06
3.27736e-06
3.6738e-06
4.09863e-06
4.55282e-06
5.03731e-06
5.55307e-06
6.10105e-06
6.6822e-06
7.29748e-06
7.94782e-06
8.63416e-06
9.35741e-06
1.01185e-05
1.09183e-05
1.17576e-05
1.26373e-05
1.35583e-05
1.45212e-05
1.55267e-05
1.65755e-05
1.76683e-05
1.88054e-05
1.99873e-05
2.12143e-05
2.24866e-05
2.38042e-05
2.51671e-05
2.65748e-05
2.80268e-05
2.95225e-05
3.10608e-05
3.26403e-05
3.42594e-05
3.5916e-05
3.76076e-05
3.93312e-05
4.10833e-05
4.28598e-05
4.46557e-05
4.64657e-05
4.82832e-05
5.01011e-05
5.19111e-05
5.37038e-05
5.54688e-05
5.71942e-05
5.88671e-05
6.04728e-05
6.19952e-05
6.34165e-05
6.47173e-05
6.58762e-05
6.68702e-05
6.76741e-05
6.82611e-05
6.86021e-05
6.86812e-05
6.84813e-05
6.79992e-05
6.72316e-05
6.61907e-05
6.48888e-05
6.334e-05
6.15586e-05
5.95606e-05
5.73621e-05
5.49809e-05
5.24347e-05
4.97263e-05
4.68745e-05
4.38827e-05
4.07705e-05
3.75416e-05
3.42164e-05
3.08154e-05
2.73597e-05
2.38702e-05
2.03681e-05
1.74692e-05
1.51977e-05
1.35767e-05
1.26106e-05
1.23029e-05
1.26562e-05
1.30755e-05
1.35421e-05
1.4037e-05
1.45584e-05
1.51041e-05
1.56544e-05
1.6207e-05
1.67591e-05
1.73077e-05
1.78498e-05
1.83819e-05
1.89004e-05
1.94017e-05
1.98814e-05
2.03532e-05
2.08125e-05
2.12727e-05
2.17467e-05
2.22295e-05
2.27341e-05
2.3255e-05
2.37867e-05
2.4323e-05
2.48579e-05
2.53845e-05
2.5896e-05
2.63848e-05
2.68618e-05
2.73189e-05
2.77664e-05
2.82144e-05
2.86728e-05
2.91514e-05
2.96599e-05
3.02079e-05
3.08048e-05
3.14598e-05
3.21822e-05
3.29809e-05
3.38649e-05
3.48429e-05
3.5904e-05
3.70564e-05
3.82886e-05
3.96082e-05
4.10028e-05
4.24796e-05
4.4045e-05
4.57055e-05
4.74674e-05
4.93367e-05
5.1319e-05
5.342e-05
5.56446e-05
5.7998e-05
6.10317e-05
6.47619e-05
6.92056e-05
7.43597e-05
8.02213e-05
8.67665e-05
9.34156e-05
0.000100107
0.000106776
0.00011335
0.000119775
0.000126015
0.000132054
0.000137892
0.00014353
0.000148963
0.000154162
0.000159094
0.000163699
0.000167911
0.00017166
0.000174899
0.000177575
0.000179633
0.000181016
0.000181665
0.000181546
0.000180624
0.000178894
0.000176348
0.00017301
0.000168905
0.000164059
0.000158501
0.000152261
0.000145371
0.000137863
0.000129769
0.000121121
0.000111952
0.000102293
9.21755e-05
8.16296e-05
7.06845e-05
5.93685e-05
4.77089e-05
3.57322e-05
2.34646e-05
1.09314e-05
-1.84187e-06
-1.48298e-05
-2.80062e-05
-4.13441e-05
-5.48152e-05
-6.83893e-05
-8.20342e-05
-9.57148e-05
-0.000109393
-0.000123027
-0.000136572
-0.000149978
-0.000163192
-0.000176156
-0.000188807
-0.000201081
-0.000212907
-0.000224213
-0.000234926
-0.00024003
-0.000239683
-0.000234079
-0.000223423
-0.000207944
-0.000187862
-0.00016824
-0.000149078
-0.000130361
-0.000112094
-9.42696e-05
-7.69026e-05
-5.99779e-05
-4.35031e-05
-2.74843e-05
-1.19289e-05
3.1534e-06
1.77488e-05
3.18147e-05
4.53019e-05
5.81533e-05
7.03026e-05
8.16983e-05
9.23031e-05
0.000102095
0.000111069
0.000119237
0.00012663
0.000133276
0.0001392
0.000144426
0.000148974
0.000152867
0.000156124
0.000158766
0.000160814
0.00016229
0.000163216
0.000163615
0.000163511
0.000162928
0.000161891
0.000160427
0.00015856
0.000156318
0.000153727
0.000150813
0.000147603
0.000144122
0.000140395
0.000136448
0.000132303
0.000127984
0.000123511
0.000118906
0.000114189
0.000109376
0.000104485
9.9533e-05
9.45328e-05
8.94983e-05
8.44416e-05
7.93735e-05
7.43038e-05
6.92415e-05
6.41941e-05
5.91686e-05
5.41709e-05
4.92063e-05
4.4279e-05
3.9393e-05
3.45513e-05
2.97566e-05
2.50111e-05
2.03166e-05
1.56745e-05
1.10861e-05
6.55217e-06
2.07372e-06
-2.34855e-06
-6.71392e-06
-1.10216e-05
-1.52709e-05
-1.94607e-05
-2.359e-05
-2.76573e-05
-3.16611e-05
-3.55994e-05
-3.94698e-05
-4.32697e-05
-4.69959e-05
-5.06447e-05
-5.4212e-05
-5.76931e-05
-6.10827e-05
-6.43749e-05
-6.75632e-05
-7.06406e-05
-7.35991e-05
-7.64304e-05
-7.91252e-05
-8.16736e-05
-8.40652e-05
-8.62887e-05
-8.83321e-05
-9.01829e-05
-9.18279e-05
-9.3253e-05
-9.44439e-05
-9.53852e-05
-9.60614e-05
-9.64561e-05
-9.65808e-05
-9.64462e-05
-9.60623e-05
-9.5438e-05
-9.45818e-05
-9.3501e-05
-9.21742e-05
-9.0579e-05
-8.86926e-05
-8.64918e-05
-8.39525e-05
-8.10498e-05
-7.77585e-05
-7.40798e-05
-7.00138e-05
-6.55596e-05
-6.07147e-05
-5.5503e-05
-4.99466e-05
-4.4066e-05
-3.78799e-05
-3.1406e-05
-2.46877e-05
-1.77394e-05
-1.0575e-05
-3.20683e-06
4.3532e-06
1.2094e-05
2.00046e-05
2.8047e-05
3.61827e-05
4.43724e-05
5.2576e-05
6.07238e-05
6.7775e-05
7.36997e-05
7.84373e-05
8.19517e-05
8.42042e-05
8.51822e-05
8.58762e-05
8.62827e-05
8.6426e-05
8.63296e-05
8.60172e-05
8.55117e-05
8.48359e-05
8.4012e-05
8.30619e-05
8.20071e-05
8.08685e-05
7.96664e-05
7.84209e-05
7.71512e-05
7.58762e-05
7.45843e-05
7.32632e-05
7.18998e-05
7.04802e-05
6.89897e-05
6.7383e-05
6.5644e-05
6.37557e-05
6.17009e-05
5.94617e-05
5.70199e-05
5.43871e-05
5.15744e-05
4.85928e-05
4.54535e-05
4.2167e-05
3.87444e-05
3.51962e-05
3.15332e-05
2.77365e-05
2.37876e-05
1.96685e-05
1.53616e-05
1.08501e-05
6.11815e-06
1.18009e-06
-3.9489e-06
-9.25286e-06
-1.4715e-05
-2.03178e-05
-2.60426e-05
-3.187e-05
-3.77796e-05
-4.37503e-05
-4.97597e-05
-5.57849e-05
-6.18019e-05
-6.77863e-05
-7.37127e-05
-7.95554e-05
-8.52881e-05
-9.08846e-05
-9.63184e-05
-0.000101563
-0.000106593
-0.000111382
-0.000115907
-0.000120144
-0.00012407
-0.000127667
-0.000130915
-0.000133798
-0.000136301
-0.000138415
-0.000141292
-0.000145095
-0.000150002
-0.000156209
-0.000163937
-0.000173441
-0.0001839
-0.000195456
-0.000208277
-0.00022256
-0.000238538
-0.000256489
-0.000276745
-0.000299709
-0.000325865
-0.000355805
-0.000390247
-0.000430099
-0.00047649
-0.000530825
-0.000594842
-0.00067066
-0.000760829
-0.000868309
-0.00099639
-0.00114846
-0.00132748
-0.00153509
-0.0017647
-0.00198742
-0.00219246
-0.00236793
0.0240059
0.0245211
0.0249796
0.0253397
0.0256042
0.0257784
-0.00257112
-0.00251399
-0.00242725
-0.00230962
-0.00216206
-0.00198736
-0.00178963
-0.00159243
-0.00140474
-0.00123204
-0.00107689
-0.000939836
-0.000820108
-0.000716292
-0.000626636
-0.00054934
-0.000482697
-0.000425165
-0.000375384
-0.000332185
-0.0002946
-0.000261781
-0.000233015
-0.000207702
-0.000185337
-0.000165493
-0.000147814
-0.000132021
-0.000117884
-0.000105207
-9.38035e-05
-8.3514e-05
-7.42019e-05
-6.575e-05
-5.80573e-05
-5.10369e-05
-4.46363e-05
-3.88127e-05
-3.35087e-05
-2.86739e-05
-2.42645e-05
-2.02418e-05
-1.65715e-05
-1.32008e-05
-1.01026e-05
-7.25218e-06
-4.62726e-06
-2.20735e-06
2.63967e-08
2.06875e-06
3.91303e-06
5.57441e-06
7.06734e-06
8.40559e-06
9.60247e-06
1.06709e-05
1.16235e-05
1.24491e-05
1.31359e-05
1.36715e-05
1.40674e-05
1.4335e-05
1.44861e-05
1.45324e-05
1.44859e-05
1.43589e-05
1.41388e-05
1.38129e-05
1.33679e-05
1.28162e-05
1.21706e-05
1.1444e-05
1.06498e-05
9.80169e-06
8.91357e-06
7.97345e-06
6.96903e-06
5.91478e-06
4.82547e-06
3.71616e-06
2.60215e-06
1.49904e-06
4.2266e-07
-6.38299e-07
-1.69539e-06
-2.7604e-06
-3.8453e-06
-4.96225e-06
-6.09531e-06
-7.22834e-06
-8.34495e-06
-9.42856e-06
-1.04624e-05
-1.14294e-05
-1.23408e-05
-1.32081e-05
-1.40428e-05
-1.48563e-05
-1.56603e-05
-1.64663e-05
-1.7286e-05
-1.81308e-05
-1.89831e-05
-1.98249e-05
-2.06382e-05
-2.14046e-05
-2.21055e-05
-2.2722e-05
-2.32642e-05
-2.37422e-05
-2.41658e-05
-2.45449e-05
-2.4889e-05
-2.52074e-05
-2.55094e-05
-2.5804e-05
-2.61e-05
-2.64059e-05
-2.67007e-05
-2.69628e-05
-2.71707e-05
-2.73025e-05
-2.7336e-05
-2.72488e-05
-2.70476e-05
-2.6739e-05
-2.63291e-05
-2.58241e-05
-2.52296e-05
-2.45511e-05
-2.37938e-05
-2.29628e-05
-2.20627e-05
-2.10981e-05
-2.00731e-05
-1.89919e-05
-1.78582e-05
-1.66757e-05
-1.54477e-05
-1.41774e-05
-1.2868e-05
-1.15222e-05
-1.01429e-05
-8.73257e-06
-7.2938e-06
-5.82895e-06
-4.34032e-06
-2.83015e-06
-1.3006e-06
2.46167e-07
1.80804e-06
3.38291e-06
4.96864e-06
6.56307e-06
8.16398e-06
9.76912e-06
1.13761e-05
1.29825e-05
1.45857e-05
1.61831e-05
1.77717e-05
1.93485e-05
2.09103e-05
2.24538e-05
2.39751e-05
2.54705e-05
2.69359e-05
2.83669e-05
2.97587e-05
3.11065e-05
3.2405e-05
3.36485e-05
3.48313e-05
3.59469e-05
3.6989e-05
3.79503e-05
3.88238e-05
3.96016e-05
4.03047e-05
4.09534e-05
4.15678e-05
4.21675e-05
4.27715e-05
4.33984e-05
4.40377e-05
4.4678e-05
4.53079e-05
4.59154e-05
4.64881e-05
4.70132e-05
4.74774e-05
4.7867e-05
4.81681e-05
4.8366e-05
4.84459e-05
4.83925e-05
4.81899e-05
4.78222e-05
4.72727e-05
4.6553e-05
4.56743e-05
4.46756e-05
4.3624e-05
4.25856e-05
4.16262e-05
4.07822e-05
4.0118e-05
3.96688e-05
3.9441e-05
3.94404e-05
3.97009e-05
4.02556e-05
4.11091e-05
4.2265e-05
4.37268e-05
4.54973e-05
4.75504e-05
4.98596e-05
5.2398e-05
5.51379e-05
5.80511e-05
6.11089e-05
6.42819e-05
6.75403e-05
7.08536e-05
7.41905e-05
7.75196e-05
8.08086e-05
8.40524e-05
8.72448e-05
9.0379e-05
9.34474e-05
9.64415e-05
9.93523e-05
0.000102143
0.000104776
0.000107241
0.000109526
0.00011162
0.000113511
0.000115185
0.00011663
0.000117807
0.000118677
0.000119227
0.00011947
0.000119441
0.000119201
0.000118805
0.00011831
0.000117742
0.000117104
0.00011637
0.000115494
0.000114428
0.000113126
0.000111543
0.000109656
0.000107446
0.000104891
0.000101992
9.87717e-05
9.52723e-05
9.15331e-05
8.75911e-05
8.34805e-05
7.92115e-05
7.47918e-05
7.02272e-05
6.55212e-05
6.06969e-05
5.57964e-05
5.08802e-05
4.59856e-05
4.11274e-05
3.63192e-05
3.15736e-05
2.68821e-05
2.22358e-05
1.76462e-05
1.31447e-05
8.76289e-06
4.53236e-06
4.85207e-07
-3.36626e-06
-7.00894e-06
-1.04288e-05
-1.36105e-05
-1.65584e-05
-1.92551e-05
-2.16612e-05
-2.37568e-05
-2.55203e-05
-2.69501e-05
-2.80434e-05
-2.88179e-05
-2.92907e-05
-2.94787e-05
-2.94201e-05
-2.91533e-05
-2.87172e-05
-2.81515e-05
-2.75176e-05
-2.68561e-05
-2.61862e-05
-2.55052e-05
-2.48104e-05
-2.40766e-05
-2.32558e-05
-2.23214e-05
-2.12685e-05
-2.01143e-05
-1.88535e-05
-1.75036e-05
-1.61042e-05
-1.4696e-05
-1.32971e-05
-1.19029e-05
-1.05316e-05
-9.20138e-06
-7.93081e-06
-6.71537e-06
-5.57339e-06
-4.52317e-06
-3.58308e-06
-2.74837e-06
-2.01419e-06
-1.39865e-06
-8.96784e-07
0
0
0
