304,353
304,354
304,355
304,356
304,357
304,358
304,359
304,360
304,361
304,362
304,363
304,364
304,365
304,366
304,367
304,368
304,369
304,370
304,371
304,372
304,373
304,374
304,375
304,376
304,377
304,378
304,379
304,380
304,381
304,382
304,383
304,384
304,385
304,386
304,387
304,388
304,389
304,390
304,391
304,392
304,393
304,394
304,395
304,396
304,397
304,398
304,399
304,400
304,401
304,402
304,403
304,404
304,405
304,406
304,407
304,408
304,409
304,410
304,411
304,412
304,413
304,414
304,415
304,416
304,417
304,418
304,419
304,420
304,421
304,422
304,423
304,424
304,425
304,426
304,427
304,428
304,429
304,430
304,431
304,432
304,433
304,434
304,435
304,436
304,437
304,438
304,439
304,440
304,441
304,442
304,443
304,444
304,445
304,446
304,447
304,448
304,449
304,450
304,451
304,452
304,453
304,454
304,455
304,456
304,457
304,458
304,459
304,460
304,461
304,462
304,463
304,464
304,465
304,466
304,467
304,468
304,469
304,470
304,471
304,472
304,473
304,474
304,475
304,476
304,477
304,478
304,479
304,480
304,481
304,482
304,483
304,484
304,485
304,486
304,487
304,488
304,489
304,490
304,491
304,492
304,493
304,494
304,495
304,496
304,497
304,498
304,499
304,500
304,501
304,502
304,503
304,504
304,505
304,506
304,507
304,508
304,509
304,510
304,511
304,512
304,513
304,514
304,515
304,516
304,517
304,518
304,519
304,520
305,521
306,522
307,523
308,524
309,525
310,526
311,527
312,528
313,529
314,530
315,531
316,532
317,533
318,534
319,535
320,536
321,537
322,538
323,539
324,540
325,541
326,542
327,543
328,544
328,545
329,546
330,547
330,548
331,549
331,550
331,551
332,552
332,553
332,554
333,555
333,556
333,557
333,558
333,559
333,560
333,561
333,562
333,563
333,564
333,565
333,566
333,567
333,568
333,569
333,570
332,571
332,572
331,573
331,574
330,575
330,576
329,577
328,578
328,579
327,580
327,581
326,582
326,583
325,584
325,585
325,586
324,587
323,588
323,589
322,590
321,590
320,591
319,592
318,592
317,592
316,593
315,593
314,593
313,593
312,594
311,594
310,594
309,595
308,595
307,596
306,596
305,597
304,597
303,597
302,598
301,598
300,598
299,598
298,598
297,598
296,598
295,598
294,598
293,598
292,598
291,598
290,598
289,598
288,598
287,598
286,598
285,598
284,598
283,597
282,597
281,597
280,597
279,597
278,597
277,596
276,596
275,596
274,596
273,596
272,596
271,596
270,596
269,595
268,595
267,595
266,595
265,594
264,594
263,594
262,594
261,593
260,593
259,593
258,593
257,593
256,593
255,593
254,593
253,593
252,592
251,591
250,591
249,591
248,591
247,590
246,590
245,589
244,588
243,588
242,588
241,588
240,587
239,587
238,587
237,587
236,587
235,587
234,587
233,587
232,587
231,587
230,587
229,587
228,587
227,587
226,587
225,587
224,587
223,587
222,587
221,587
220,587
219,587
218,587
217,587
216,587
215,587
214,587
213,587
212,587
211,586
210,585
209,585
208,585
207,585
206,585
205,585
204,585
203,585
202,585
201,585
200,584
199,584
198,584
197,584
196,584
195,584
194,584
193,584
192,584
191,584
190,583
189,583
188,583
187,583
186,583
185,583
184,583
183,583
182,583
181,583
180,583
179,583
178,582
177,582
176,582
175,581
174,581
173,581
172,581
171,580
170,579
169,578
168,578
167,578
166,578
165,578
164,577
163,577
162,577
161,577
160,577
159,577
158,577
157,577
156,576
155,575
154,574
153,573
152,573
151,572
150,572
149,572
148,572
147,571
146,570
145,569
144,568
143,567
142,567
141,566
140,565
139,564
138,564
137,564
136,564
135,564
134,564
133,563
132,563
131,563
130,563
129,562
128,562
127,561
126,560
125,560
124,559
123,559
122,559
121,559
120,559
119,558
118,558
117,557
116,556
115,556
114,555
113,555
112,554
111,553
110,552
109,551
108,550
107,549
106,548
105,547
104,547
103,546
102,546
101,546
100,546
99,546
98,545
97,545
96,544
95,543
94,542
93,542
92,542
91,541
90,540
89,540
88,540
87,540
86,540
85,540
84,539
83,539
82,538
81,538
80,538
79,537
78,536
77,535
76,535
75,535
74,534
73,533
72,532
71,531
70,531
69,530
68,530
67,529
66,529
65,529
64,529
63,529
62,528
61,527
60,526
59,525
58,524
57,523
56,522
55,521
54,521
53,521
52,520
51,520
50,519
49,519
48,519
47,519
46,518
45,517
44,517
43,516
42,516
41,516
40,516
39,515
38,515
37,514
36,514
35,514
34,514
33,513
