0
0
0
0
3.91079e-09
8.02926e-09
1.38796e-08
2.16824e-08
3.16568e-08
4.40208e-08
5.89914e-08
7.6784e-08
9.76129e-08
1.21691e-07
1.4923e-07
1.80439e-07
2.15526e-07
2.54699e-07
2.98162e-07
3.46116e-07
3.98762e-07
4.56296e-07
5.18912e-07
5.868e-07
6.60147e-07
7.39134e-07
8.23938e-07
9.14728e-07
1.01167e-06
1.11492e-06
1.22462e-06
1.34092e-06
1.46395e-06
1.59382e-06
1.73064e-06
1.8745e-06
2.02547e-06
2.18363e-06
2.34902e-06
2.52165e-06
2.70153e-06
2.88864e-06
3.08295e-06
3.28437e-06
3.49282e-06
3.70816e-06
3.93023e-06
4.15884e-06
4.39376e-06
4.63472e-06
4.88141e-06
5.13346e-06
5.39048e-06
5.65201e-06
5.91756e-06
6.18655e-06
6.45839e-06
6.73239e-06
7.00782e-06
7.28386e-06
7.55966e-06
7.83425e-06
8.10664e-06
8.37571e-06
8.64029e-06
8.89912e-06
9.15086e-06
9.39407e-06
9.62723e-06
9.84871e-06
1.00568e-05
1.02497e-05
1.04254e-05
1.0582e-05
1.07174e-05
1.08292e-05
1.09151e-05
1.09728e-05
1.09996e-05
1.09928e-05
1.09497e-05
1.08673e-05
1.07427e-05
1.05726e-05
1.03539e-05
1.00832e-05
9.75707e-06
9.37185e-06
8.92392e-06
8.40948e-06
7.82465e-06
7.16547e-06
6.42787e-06
5.60771e-06
4.70076e-06
3.70274e-06
2.60928e-06
1.41599e-06
1.18414e-07
-1.28793e-06
-2.80753e-06
-4.44489e-06
-6.20452e-06
-8.09087e-06
-1.01084e-05
-1.22614e-05
-1.45541e-05
-1.69908e-05
-1.95755e-05
-2.23119e-05
-2.52038e-05
-2.82545e-05
-3.14672e-05
-3.48447e-05
-3.83894e-05
-4.21033e-05
-4.5988e-05
-5.00445e-05
-5.42731e-05
-5.86736e-05
-6.32449e-05
-6.7985e-05
-7.28913e-05
-7.79597e-05
-8.31852e-05
-8.85617e-05
-9.40816e-05
-9.97357e-05
-0.000105514
-0.000111403
-0.000117389
-0.000123457
-0.000129588
-0.000135762
-0.000141957
-0.000148149
-0.000154312
-0.000160415
-0.00016643
-0.000172322
-0.000178057
-0.000183599
-0.000188909
-0.000193948
-0.000198677
-0.000203055
-0.00020704
-0.000210593
-0.000213675
-0.000216246
-0.000218272
-0.000219718
-0.000220554
-0.000220751
-0.000220286
-0.000219138
-0.00021729
-0.00021473
-0.000211449
-0.000207442
-0.000202708
-0.000197246
-0.000191061
-0.000184156
-0.000176535
-0.000168203
-0.000159182
-0.000149507
-0.00013923
-0.000128407
-0.000117108
-0.000105406
-9.33611e-05
-8.10195e-05
-6.84161e-05
-5.55741e-05
-4.25062e-05
-2.92158e-05
-1.56979e-05
-1.93997e-06
1.20772e-05
2.63785e-05
4.09936e-05
5.59561e-05
7.13025e-05
8.70713e-05
0.000103302
0.000120032
0.000137299
0.000155137
0.000173591
0.000192703
0.000212505
0.000233036
0.000254328
0.000276413
0.00029931
0.000323018
0.000347529
0.000372811
0.000398606
0.000422151
0.00044325
0.000461726
0.000477408
0.000490135
0.000499988
0.000509636
0.000519063
0.00052825
0.000537174
0.000545805
0.00055411
0.000562051
0.000569583
0.000576658
0.000580866
0.000582273
0.000580999
0.000577196
0.000571058
0.000562799
0.000555037
0.000547922
0.000541564
0.000536067
0.000531499
0.000527926
0.000525377
0.000523865
0.000523385
0.000523903
0.000525393
0.000527816
0.000531125
0.000535259
0.000540188
0.00054589
0.00054922
0.000549853
0.000547523
0.000541982
0.000533012
0.000520445
0.000507303
0.000493756
0.000479957
0.000466066
0.000452199
0.000438455
0.000424886
0.00041155
0.000398466
0.000385635
0.000373074
0.000360759
0.000348686
0.000336842
0.000325231
0.000313854
0.000302706
0.000291803
0.000281155
0.00027077
0.000260651
0.000250797
-0.0174652
-0.017439
-0.0174142
-0.0173908
-0.0173689
-0.0173486
0.000188542
0.000180441
0.00017251
0.000164752
0.00015717
0.000149767
0.000142541
0.000135493
0.00012862
0.000121921
0.000115391
0.000109028
0.000102826
9.67805e-05
9.08604e-05
8.50341e-05
7.92953e-05
7.36377e-05
6.80543e-05
6.25382e-05
5.71076e-05
5.17807e-05
4.65495e-05
4.14062e-05
3.63684e-05
3.1454e-05
2.6655e-05
2.19635e-05
1.73715e-05
1.28713e-05
8.42896e-06
4.01062e-06
-4.17849e-07
-4.86443e-06
-9.31066e-06
-1.37378e-05
-1.81265e-05
-2.24572e-05
-2.66829e-05
-3.07824e-05
-3.47333e-05
-3.84857e-05
-4.19883e-05
-4.51887e-05
-4.80602e-05
-5.05479e-05
-5.26226e-05
-5.42815e-05
-5.55215e-05
-5.63387e-05
-5.67292e-05
-5.67161e-05
-5.63227e-05
-5.55722e-05
-5.4488e-05
-5.30933e-05
-5.14117e-05
-4.94666e-05
-4.72813e-05
-4.48793e-05
-4.22837e-05
-3.95178e-05
-3.66047e-05
-3.35673e-05
-3.04284e-05
-2.72105e-05
-2.39362e-05
-2.06275e-05
-1.73067e-05
-1.39957e-05
-1.0716e-05
-7.48938e-06
-4.33716e-06
-1.28065e-06
1.68756e-06
4.60357e-06
7.50352e-06
1.04236e-05
1.33998e-05
1.64681e-05
1.96357e-05
2.2881e-05
2.61823e-05
2.95173e-05
3.28638e-05
3.62277e-05
3.96143e-05
4.30287e-05
4.64753e-05
4.99581e-05
5.34806e-05
5.70171e-05
6.05417e-05
6.40279e-05
6.74486e-05
7.08046e-05
7.40955e-05
7.73206e-05
8.04782e-05
8.3566e-05
8.65809e-05
8.94913e-05
9.22651e-05
9.487e-05
9.72733e-05
9.94423e-05
0.000101344
0.000102973
0.000104322
0.000105384
0.00010618
0.000106726
0.000107041
0.000107115
0.000106962
0.000106623
0.000106136
0.000105538
0.000104864
0.000104146
0.000103391
0.000102604
0.000101762
0.000100845
9.98291e-05
9.86929e-05
9.74142e-05
9.5946e-05
9.42421e-05
9.22804e-05
9.00623e-05
8.76117e-05
8.49743e-05
8.21937e-05
7.93345e-05
7.64355e-05
7.35107e-05
7.05496e-05
6.7541e-05
6.44956e-05
6.14226e-05
5.83526e-05
5.53369e-05
5.24254e-05
4.96662e-05
4.71057e-05
4.47893e-05
4.27395e-05
4.09565e-05
3.94407e-05
3.81708e-05
3.71041e-05
3.61983e-05
3.54115e-05
3.47023e-05
3.40297e-05
3.33742e-05
3.2716e-05
3.20355e-05
3.13336e-05
3.06112e-05
2.98895e-05
2.91685e-05
2.84478e-05
2.77065e-05
2.69028e-05
2.60156e-05
2.50035e-05
2.38453e-05
2.25401e-05
2.10866e-05
1.95033e-05
1.77882e-05
1.59585e-05
1.40312e-05
1.20226e-05
9.96873e-06
7.90504e-06
5.88682e-06
3.96909e-06
2.20683e-06
6.35135e-07
-7.10637e-07
-1.81483e-06
-2.68149e-06
-3.33439e-06
-3.81716e-06
-4.15326e-06
-4.38614e-06
-4.53915e-06
-4.61553e-06
-4.59835e-06
-4.47056e-06
-4.23517e-06
-3.87497e-06
-3.37264e-06
-2.73097e-06
-1.97294e-06
-1.12164e-06
-2.0023e-07
7.47843e-07
1.67906e-06
2.5498e-06
3.33665e-06
4.01616e-06
4.56486e-06
4.97953e-06
5.2569e-06
5.4139e-06
5.44717e-06
5.35322e-06
5.14875e-06
4.85035e-06
4.47454e-06
4.03776e-06
3.55639e-06
3.06707e-06
2.58616e-06
2.13003e-06
1.69471e-06
1.2558e-06
7.88748e-07
2.48407e-07
-3.90183e-07
-1.15215e-06
-2.04234e-06
-3.04512e-06
-4.12425e-06
-5.22264e-06
-6.28265e-06
-7.24602e-06
-8.07456e-06
-8.75034e-06
-9.25497e-06
-9.59057e-06
-9.759e-06
-9.783e-06
-9.68549e-06
-9.48964e-06
-9.21865e-06
-8.87469e-06
-8.48114e-06
-8.04028e-06
-7.47824e-06
-6.79699e-06
-6.02001e-06
-5.17095e-06
-4.27373e-06
-3.3524e-06
-2.50778e-06
-1.76459e-06
-1.14753e-06
0
0
0
