10,535
11,535
12,535
13,535
14,535
15,535
16,535
17,535
18,535
19,535
20,535
21,535
22,535
23,535
24,535
25,535
26,535
27,535
28,535
29,535
30,535
31,535
32,535
33,535
34,535
35,535
36,535
37,535
38,535
39,535
40,535
41,535
42,535
43,535
44,535
45,535
46,535
47,535
48,535
49,535
50,535
51,535
52,535
53,535
54,535
55,535
56,535
57,535
58,535
59,535
60,535
61,535
62,535
63,535
64,535
65,535
66,535
67,535
68,535
69,535
70,535
71,535
72,535
73,535
74,535
75,535
76,535
77,535
78,535
79,535
80,535
81,535
82,535
83,535
84,535
85,535
86,535
87,535
88,535
89,535
90,535
91,535
92,535
93,535
94,535
95,535
96,535
97,535
98,535
99,535
100,535
101,535
102,535
103,535
104,535
105,535
106,535
107,535
108,535
109,535
110,535
111,535
112,535
113,535
114,535
115,535
116,535
117,535
118,535
119,535
120,535
121,535
122,535
123,535
124,535
125,535
126,535
127,535
128,535
129,535
130,535
131,535
132,535
133,535
134,535
135,535
136,535
137,535
138,535
139,535
140,535
141,535
142,535
143,535
144,535
145,535
146,535
147,535
148,535
149,535
150,535
151,535
152,535
153,535
154,535
155,535
156,535
157,535
158,535
159,535
160,535
161,535
162,535
163,535
164,535
165,535
166,535
167,535
168,535
169,535
170,535
171,535
172,535
173,535
174,535
175,535
176,535
177,535
178,535
179,535
180,535
181,535
182,535
183,535
184,535
185,535
186,535
187,535
188,535
189,535
190,535
191,535
192,535
193,535
194,535
195,535
196,535
197,535
198,535
199,535
200,535
201,535
202,535
203,535
204,535
205,535
206,535
207,535
208,535
209,535
210,535
211,535
212,535
213,535
214,535
215,535
216,535
217,535
218,535
219,535
220,535
221,535
222,535
223,535
224,535
225,536
226,537
227,538
228,539
229,540
230,541
231,542
232,543
233,544
234,545
235,546
236,547
237,548
238,549
239,550
240,551
241,552
242,553
243,554
244,555
245,556
246,557
247,558
248,559
249,560
250,561
251,562
252,563
253,564
254,565
255,566
256,567
257,568
258,569
259,570
260,571
261,572
262,573
263,574
264,575
265,576
266,577
267,578
268,579
269,580
270,581
271,582
272,583
273,584
274,585
275,586
276,587
277,588
278,589
279,590
280,591
281,592
282,593
283,594
284,595
285,596
286,597
287,597
288,597
289,598
290,598
291,598
292,598
293,598
294,598
295,598
296,598
297,598
298,598
299,598
300,598
301,598
302,598
303,597
304,597
305,597
306,596
307,596
308,595
309,595
310,594
311,594
312,594
313,593
314,593
315,593
316,593
317,592
318,592
319,592
320,591
321,590
322,590
323,589
323,588
324,587
325,586
325,585
325,584
326,583
326,582
327,581
327,580
328,579
328,578
329,577
330,576
330,575
331,574
331,573
332,572
332,571
333,570
333,569
333,568
333,567
333,566
333,565
333,564
333,563
333,562
333,561
333,560
333,559
333,558
333,557
333,556
333,555
333,554
333,553
333,552
333,551
333,550
333,549
333,548
333,547
333,546
333,545
333,544
333,543
333,542
333,541
333,540
333,539
333,538
333,537
333,536
333,535
333,534
333,533
333,532
333,531
333,530
333,529
333,528
333,527
333,526
333,525
333,524
333,523
333,522
333,521
333,520
333,519
333,518
333,517
333,516
333,515
333,514
333,513
333,512
333,511
333,510
333,509
333,508
333,507
333,506
333,505
333,504
333,503
333,502
333,501
333,500
333,499
333,498
333,497
333,496
333,495
333,494
333,493
333,492
333,491
333,490
333,489
333,488
333,487
333,486
333,485
333,484
333,483
333,482
333,481
333,480
333,479
333,478
333,477
333,476
333,475
333,474
333,473
333,472
333,471
333,470
333,469
333,468
333,467
333,466
333,465
332,464
332,463
332,462
332,461
331,460
331,459
331,458
331,457
330,456
329,455
329,454
329,453
329,452
328,451
328,450
328,449
328,448
328,447
328,446
327,445
327,444
326,443
326,442
326,441
326,440
325,439
324,438
324,437
324,436
324,435
323,434
323,433
323,432
323,431
323,430
323,429
323,428
323,427
323,426
323,425
323,424
323,423
322,422
322,421
322,420
322,419
322,418
322,417
322,416
322,415
321,414
321,413
320,412
320,411
320,410
320,409
320,408
320,407
320,406
319,405
318,404
318,403
318,402
317,401
317,400
316,399
316,398
316,397
316,396
316,395
316,394
315,393
314,392
314,391
314,390
314,389
313,388
312,387
311,386
311,385
311,384
311,383
310,382
309,381
308,380
307,379
307,378
307,377
306,376
305,375
305,374
304,373
303,372
302,371
301,370
301,369
301,368
301,367
300,366
300,365
299,364
299,363
299,362
299,361
298,360
297,359
296,358
295,357
295,356
295,355
294,354
294,353
293,352
293,351
292,350
292,349
292,348
291,347
291,346
291,345
291,344
291,343
290,342
290,341
289,340
289,339
289,338
288,337
288,336
287,335
