0
0
0
0
1.07743e-08
1.49844e-08
1.99193e-08
2.5565e-08
3.19068e-08
3.89302e-08
4.66201e-08
5.49613e-08
6.39385e-08
7.35359e-08
8.37377e-08
9.45275e-08
1.05889e-07
1.17804e-07
1.30255e-07
1.43224e-07
1.56692e-07
1.70638e-07
1.8504e-07
1.99876e-07
2.15122e-07
2.30753e-07
2.4674e-07
2.63055e-07
2.79667e-07
2.96541e-07
3.13643e-07
3.30932e-07
3.48368e-07
3.65907e-07
3.83499e-07
4.01095e-07
4.18639e-07
4.36073e-07
4.53333e-07
4.70353e-07
4.87062e-07
5.03382e-07
5.19233e-07
5.34529e-07
5.49179e-07
5.63086e-07
5.76147e-07
5.88254e-07
5.99294e-07
6.09146e-07
6.17683e-07
6.24774e-07
6.30278e-07
6.34051e-07
6.35939e-07
6.35784e-07
6.3342e-07
6.28673e-07
6.21365e-07
6.1131e-07
5.98314e-07
5.82178e-07
5.62696e-07
5.39656e-07
5.12838e-07
4.82018e-07
4.46966e-07
4.07446e-07
3.63217e-07
3.14032e-07
2.59643e-07
1.99794e-07
1.34229e-07
6.26875e-08
-1.50925e-08
-9.93745e-08
-1.90423e-07
-2.88501e-07
-3.93872e-07
-5.06796e-07
-6.27532e-07
-7.56333e-07
-8.93446e-07
-1.03911e-06
-1.19357e-06
-1.35703e-06
-1.52972e-06
-1.71183e-06
-1.90355e-06
-2.10505e-06
-2.31647e-06
-2.53796e-06
-2.76961e-06
-3.01151e-06
-3.26373e-06
-3.52628e-06
-3.79916e-06
-4.08234e-06
-4.37574e-06
-4.67924e-06
-4.99269e-06
-5.31588e-06
-5.64856e-06
-5.99041e-06
-6.34109e-06
-6.70017e-06
-7.06716e-06
-7.44151e-06
-7.8226e-06
-8.20974e-06
-8.60216e-06
-8.999e-06
-9.39931e-06
-9.80208e-06
-1.02062e-05
-1.06104e-05
-1.10133e-05
-1.14136e-05
-1.18098e-05
-1.22e-05
-1.25827e-05
-1.29558e-05
-1.33174e-05
-1.36652e-05
-1.39971e-05
-1.43105e-05
-1.4603e-05
-1.48718e-05
-1.5114e-05
-1.53266e-05
-1.55065e-05
-1.56503e-05
-1.57546e-05
-1.58158e-05
-1.583e-05
-1.57932e-05
-1.57015e-05
-1.55504e-05
-1.53355e-05
-1.50523e-05
-1.4696e-05
-1.42616e-05
-1.37441e-05
-1.31382e-05
-1.24387e-05
-1.16398e-05
-1.07361e-05
-9.72175e-06
-8.59077e-06
-7.33716e-06
-5.95479e-06
-4.43742e-06
-2.77872e-06
-9.72293e-07
9.88316e-07
3.10961e-06
5.39813e-06
7.86041e-06
1.0503e-05
1.33323e-05
1.63548e-05
1.95768e-05
2.30045e-05
2.66438e-05
3.05005e-05
3.45802e-05
3.8888e-05
4.34286e-05
4.82063e-05
5.32248e-05
5.84872e-05
6.39958e-05
6.9752e-05
7.57561e-05
8.20075e-05
8.85039e-05
9.5242e-05
0.000102216
0.00010942
0.000116844
0.000124476
0.000132303
0.000140308
0.000148471
0.000156769
0.000165176
0.000173661
0.000182192
0.000190731
0.000199235
0.000207661
0.00021596
0.000224077
0.000231959
0.000239547
0.00024678
0.000253596
0.000259933
0.000265728
0.000270919
0.000275449
0.000279261
0.000282306
0.000284537
0.000285918
0.000286416
0.000286011
0.000284689
0.000282445
0.000279285
0.000275221
0.000270276
0.00026448
0.000257886
0.000250568
0.000242619
0.000234142
0.000225251
0.000216063
0.000206683
0.000197201
0.000187694
0.000178226
0.00016885
0.000159608
0.000150533
0.000141648
0.000132972
0.000124514
0.000116281
0.000108271
0.000100482
9.29058e-05
8.55334e-05
7.83522e-05
7.13476e-05
6.45037e-05
5.78027e-05
5.12257e-05
4.47524e-05
3.83616e-05
3.20308e-05
2.57365e-05
1.9454e-05
1.31575e-05
6.81947e-06
4.11231e-07
-6.09783e-06
-1.27403e-05
-1.95509e-05
-2.6567e-05
-3.3829e-05
-4.13805e-05
-4.92689e-05
-5.7546e-05
-6.62686e-05
-7.54988e-05
-8.53051e-05
-9.57629e-05
-0.000106956
-0.000118975
-0.000131922
-0.00014591
-0.00016106
-0.000177508
-0.0001954
-0.000214895
-0.000236164
-0.000259386
-0.000284749
-0.000312444
-0.000342654
-0.000375551
-0.000411276
-0.000449928
-0.000486606
-0.000520552
-0.00055088
-0.000576674
-0.000596984
-0.000610863
-0.000622811
-0.00063272
-0.000640567
-0.000646334
-0.000650037
-0.000651727
-0.000651489
-0.000649432
-0.000645687
-0.000640405
-0.000633771
-0.000625973
-0.000617204
-0.000607671
-0.000597576
-0.000587122
-0.000576474
-0.000565796
-0.000555228
-0.000544863
-0.000534795
-0.00052507
-0.000515715
-0.000506718
-0.000498077
-0.000489777
-0.00048174
-0.000473937
-0.000466356
-0.000458976
-0.000451765
-0.00044473
-0.000437918
-0.000431335
-0.000424997
-0.000418954
-0.00041325
-0.000407921
-0.000402996
-0.00039852
-0.00039451
-0.000390977
-0.000387924
-0.000385327
-0.000383172
-0.000381423
-0.000380055
-0.000379015
-0.000378268
-0.000377772
-0.000375185
-0.000370421
-0.000363408
-0.000354104
-0.000342478
-0.000328535
-0.000314582
-0.000300689
-0.000286921
-0.000273331
-0.000259965
-0.000246864
-0.000234058
-0.000221573
-0.00020943
-0.000197642
-0.000186221
-0.000175174
-0.000164504
-0.000154212
-0.000144298
-0.000134758
-0.000125589
-0.000116784
-0.000108337
-0.000100242
-9.24917e-05
-8.50776e-05
-7.79923e-05
-7.12281e-05
-6.47774e-05
-5.86325e-05
-5.27861e-05
-4.72309e-05
-4.196e-05
-3.69666e-05
-3.22444e-05
-2.77871e-05
-2.35887e-05
-1.96436e-05
-1.59462e-05
-1.24914e-05
-9.27389e-06
-6.28897e-06
-3.5319e-06
-9.98132e-07
1.31674e-06
3.41698e-06
5.30673e-06
6.99006e-06
8.47091e-06
9.75315e-06
1.08406e-05
1.17369e-05
1.24458e-05
1.29708e-05
1.33156e-05
1.34835e-05
1.34782e-05
1.33029e-05
1.2961e-05
1.2456e-05
1.1791e-05
1.09694e-05
9.99444e-06
8.86934e-06
7.59734e-06
6.18164e-06
4.62548e-06
2.93208e-06
1.1047e-06
-8.53368e-07
-2.93878e-06
-5.14813e-06
-7.47792e-06
-9.92458e-06
-1.24844e-05
-1.51534e-05
-1.79278e-05
-2.08031e-05
-2.3775e-05
-2.68387e-05
-2.99892e-05
-3.32212e-05
-3.6529e-05
-3.99065e-05
-4.33471e-05
-4.68439e-05
-5.03892e-05
-5.39752e-05
-5.7593e-05
-6.12334e-05
-6.48864e-05
-6.85413e-05
-7.21869e-05
-7.58108e-05
-7.94003e-05
-8.29415e-05
-8.64198e-05
-8.982e-05
-9.31258e-05
-9.63203e-05
-9.93854e-05
-0.000102303
-0.000105053
-0.000107644
-0.000110084
-0.000111162
-0.000110895
-0.000109328
-0.000106507
-0.000102446
-9.71599e-05
-9.18995e-05
-8.67203e-05
-8.16477e-05
-7.6706e-05
-7.19179e-05
-6.73326e-05
-6.29703e-05
-5.88228e-05
-5.48814e-05
-5.11369e-05
-4.75799e-05
-4.42004e-05
-4.09881e-05
-3.79595e-05
-3.51309e-05
-3.25179e-05
-3.01363e-05
-2.80012e-05
-2.61544e-05
-2.46107e-05
-2.33845e-05
-2.24902e-05
-2.19688e-05
-2.18343e-05
-2.20735e-05
-2.26733e-05
-2.36203e-05
-2.49009e-05
-2.64747e-05
-2.83008e-05
-3.03384e-05
-3.25464e-05
-3.48836e-05
-3.73086e-05
-3.9806e-05
-4.23602e-05
-4.49553e-05
-4.75749e-05
-5.02024e-05
-5.28209e-05
-5.53871e-05
-5.78577e-05
-6.02151e-05
-6.24418e-05
-6.45453e-05
-6.65328e-05
-6.8411e-05
-7.01858e-05
-7.18374e-05
-7.33456e-05
-7.46651e-05
-7.57757e-05
-7.66816e-05
-7.73869e-05
-7.7895e-05
-7.82331e-05
-7.84277e-05
-7.85034e-05
-7.84598e-05
-7.82955e-05
-7.80092e-05
-7.75745e-05
-7.69655e-05
-7.61556e-05
-7.51415e-05
-7.39194e-05
-7.24852e-05
-7.08341e-05
-6.89833e-05
-6.69488e-05
-6.4745e-05
-6.23851e-05
-5.98815e-05
-5.72454e-05
-5.44867e-05
-5.1614e-05
-4.86345e-05
-4.55768e-05
-4.24683e-05
-3.93353e-05
-3.62031e-05
-3.30959e-05
-3.00155e-05
-2.6963e-05
-2.39611e-05
-2.10541e-05
-1.82857e-05
-1.5678e-05
-1.32532e-05
-1.10117e-05
-8.95443e-06
-7.06071e-06
-5.31011e-06
-3.68243e-06
-2.15758e-06
-7.15518e-07
6.63716e-07
1.97811e-06
3.22544e-06
4.38126e-06
5.42081e-06
6.31904e-06
7.05039e-06
7.61104e-06
7.99684e-06
8.22571e-06
8.29321e-06
8.19485e-06
7.94844e-06
7.54941e-06
7.01567e-06
6.36538e-06
5.63948e-06
4.8793e-06
4.10384e-06
3.3549e-06
2.65181e-06
2.01402e-06
1.46104e-06
9.89539e-07
6.18938e-07
0
0
0
